VARIABLES= "X","Y","Z","CP"
1.0000 0.0000 0.0000 0.5415
0.9998 0.0000 -0.0000 0.5055
0.9993 0.0000 -0.0001 0.4461
0.9984 0.0000 -0.0001 0.4060
0.9972 0.0000 -0.0002 0.3763
0.9956 0.0000 -0.0003 0.3530
0.9937 0.0000 -0.0005 0.3340
0.9914 0.0000 -0.0007 0.3180
0.9888 0.0000 -0.0009 0.3043
0.9858 0.0000 -0.0011 0.2925
0.9825 0.0000 -0.0013 0.2822
0.9789 0.0000 -0.0016 0.2731
0.9749 0.0000 -0.0019 0.2650
0.9706 0.0000 -0.0023 0.2578
0.9659 0.0000 -0.0026 0.2514
0.9610 0.0000 -0.0030 0.2457
0.9557 0.0000 -0.0034 0.2405
0.9501 0.0000 -0.0038 0.2359
0.9441 0.0000 -0.0042 0.2318
0.9379 0.0000 -0.0047 0.2281
0.9313 0.0000 -0.0052 0.2248
0.9245 0.0000 -0.0057 0.2219
0.9174 0.0000 -0.0062 0.2193
0.9099 0.0000 -0.0067 0.2170
0.9022 0.0000 -0.0073 0.2150
0.8942 0.0000 -0.0079 0.2132
0.8859 0.0000 -0.0085 0.2117
0.8774 0.0000 -0.0091 0.2104
0.8686 0.0000 -0.0097 0.2094
0.8595 0.0000 -0.0104 0.2085
0.8502 0.0000 -0.0110 0.2078
0.8407 0.0000 -0.0117 0.2073
0.8309 0.0000 -0.0124 0.2069
0.8209 0.0000 -0.0131 0.2067
0.8106 0.0000 -0.0138 0.2066
0.8002 0.0000 -0.0145 0.2066
0.7895 0.0000 -0.0152 0.2068
0.7787 0.0000 -0.0160 0.2071
0.7676 0.0000 -0.0167 0.2075
0.7564 0.0000 -0.0175 0.2080
0.7450 0.0000 -0.0182 0.2086
0.7334 0.0000 -0.0190 0.2093
0.7216 0.0000 -0.0198 0.2101
0.7098 0.0000 -0.0206 0.2109
0.6977 0.0000 -0.0214 0.2119
0.6856 0.0000 -0.0222 0.2129
0.6733 0.0000 -0.0230 0.2140
0.6609 0.0000 -0.0238 0.2152
0.6483 0.0000 -0.0246 0.2165
0.6357 0.0000 -0.0254 0.2179
0.6230 0.0000 -0.0262 0.2194
0.6102 0.0000 -0.0270 0.2209
0.5973 0.0000 -0.0278 0.2226
0.5844 0.0000 -0.0286 0.2244
0.5714 0.0000 -0.0293 0.2263
0.5584 0.0000 -0.0301 0.2283
0.5453 0.0000 -0.0309 0.2304
0.5322 0.0000 -0.0316 0.2328
0.5191 0.0000 -0.0323 0.2353
0.5060 0.0000 -0.0331 0.2380
0.4928 0.0000 -0.0338 0.2408
0.4797 0.0000 -0.0344 0.2440
0.4666 0.0000 -0.0351 0.2474
0.4535 0.0000 -0.0357 0.2511
0.4405 0.0000 -0.0363 0.2553
0.4275 0.0000 -0.0369 0.2599
0.4145 0.0000 -0.0374 0.2654
0.4016 0.0000 -0.0379 0.2715
0.3889 0.0000 -0.0384 0.2773
0.3763 0.0000 -0.0389 0.2826
0.3637 0.0000 -0.0393 0.2878
0.3513 0.0000 -0.0398 0.2931
0.3389 0.0000 -0.0402 0.2986
0.3267 0.0000 -0.0405 0.3042
0.3145 0.0000 -0.0409 0.3101
0.3025 0.0000 -0.0412 0.3163
0.2907 0.0000 -0.0415 0.3228
0.2790 0.0000 -0.0417 0.3297
0.2674 0.0000 -0.0420 0.3371
0.2560 0.0000 -0.0421 0.3449
0.2447 0.0000 -0.0423 0.3533
0.2337 0.0000 -0.0423 0.3623
0.2228 0.0000 -0.0424 0.3719
0.2121 0.0000 -0.0424 0.3823
0.2016 0.0000 -0.0423 0.3933
0.1912 0.0000 -0.0422 0.4052
0.1811 0.0000 -0.0420 0.4180
0.1712 0.0000 -0.0418 0.4318
0.1616 0.0000 -0.0415 0.4465
0.1521 0.0000 -0.0411 0.4623
0.1429 0.0000 -0.0407 0.4793
0.1339 0.0000 -0.0402 0.4975
0.1252 0.0000 -0.0397 0.5171
0.1167 0.0000 -0.0391 0.5380
0.1085 0.0000 -0.0384 0.5605
0.1005 0.0000 -0.0377 0.5844
0.0929 0.0000 -0.0369 0.6101
0.0854 0.0000 -0.0360 0.6374
0.0783 0.0000 -0.0350 0.6664
0.0714 0.0000 -0.0340 0.6972
0.0649 0.0000 -0.0330 0.7297
0.0586 0.0000 -0.0318 0.7638
0.0526 0.0000 -0.0306 0.7992
0.0469 0.0000 -0.0293 0.8355
0.0416 0.0000 -0.0280 0.8722
0.0365 0.0000 -0.0266 0.9081
0.0317 0.0000 -0.0251 0.9416
0.0273 0.0000 -0.0236 0.9704
0.0232 0.0000 -0.0220 0.9907
0.0194 0.0000 -0.0203 0.9973
0.0160 0.0000 -0.0185 0.9822
0.0128 0.0000 -0.0167 0.9341
0.0101 0.0000 -0.0149 0.8374
0.0076 0.0000 -0.0129 0.6715
0.0055 0.0000 -0.0109 0.4121
0.0037 0.0000 -0.0089 0.0354
0.0023 0.0000 -0.0067 -0.4729
0.0012 0.0000 -0.0046 -1.1047
0.0004 0.0000 -0.0023 -1.8213
0.0000 0.0000 0.0000 -2.5604
-0.0001 0.0000 0.0023 -3.2491
0.0002 0.0000 0.0047 -3.8079
0.0009 0.0000 0.0071 -4.1820
0.0019 0.0000 0.0094 -4.3686
0.0032 0.0000 0.0118 -4.4006
0.0049 0.0000 0.0142 -4.3239
0.0070 0.0000 0.0165 -4.1808
0.0094 0.0000 0.0189 -4.0035
0.0121 0.0000 0.0213 -3.8136
0.0152 0.0000 0.0237 -3.6240
0.0187 0.0000 0.0260 -3.4421
0.0224 0.0000 0.0284 -3.2716
0.0266 0.0000 0.0307 -3.1138
0.0310 0.0000 0.0331 -2.9689
0.0358 0.0000 0.0354 -2.8362
0.0410 0.0000 0.0376 -2.7149
0.0464 0.0000 0.0399 -2.6039
0.0522 0.0000 0.0421 -2.5022
0.0583 0.0000 0.0443 -2.4088
0.0647 0.0000 0.0465 -2.3228
0.0715 0.0000 0.0486 -2.2433
0.0785 0.0000 0.0507 -2.1697
0.0859 0.0000 0.0527 -2.1011
0.0936 0.0000 0.0547 -2.0370
0.1015 0.0000 0.0566 -1.9770
0.1097 0.0000 0.0585 -1.9205
0.1183 0.0000 0.0603 -1.8672
0.1271 0.0000 0.0621 -1.8166
0.1361 0.0000 0.0637 -1.7685
0.1454 0.0000 0.0653 -1.7226
0.1550 0.0000 0.0669 -1.6786
0.1649 0.0000 0.0683 -1.6363
0.1749 0.0000 0.0697 -1.5956
0.1853 0.0000 0.0710 -1.5563
0.1958 0.0000 0.0722 -1.5181
0.2066 0.0000 0.0733 -1.4811
0.2175 0.0000 0.0743 -1.4450
0.2287 0.0000 0.0752 -1.4097
0.2401 0.0000 0.0761 -1.3753
0.2516 0.0000 0.0768 -1.3415
0.2634 0.0000 0.0774 -1.3083
0.2753 0.0000 0.0780 -1.2756
0.2874 0.0000 0.0784 -1.2434
0.2996 0.0000 0.0788 -1.2115
0.3119 0.0000 0.0790 -1.1800
0.3244 0.0000 0.0792 -1.1488
0.3371 0.0000 0.0792 -1.1177
0.3498 0.0000 0.0791 -1.0867
0.3626 0.0000 0.0790 -1.0556
0.3756 0.0000 0.0787 -1.0242
0.3886 0.0000 0.0784 -0.9918
0.4017 0.0000 0.0779 -0.9585
0.4147 0.0000 0.0774 -0.9268
0.4278 0.0000 0.0768 -0.8971
0.4410 0.0000 0.0761 -0.8690
0.4542 0.0000 0.0754 -0.8419
0.4674 0.0000 0.0746 -0.8157
0.4807 0.0000 0.0737 -0.7903
0.4940 0.0000 0.0728 -0.7656
0.5072 0.0000 0.0718 -0.7415
0.5205 0.0000 0.0708 -0.7179
0.5337 0.0000 0.0697 -0.6949
0.5469 0.0000 0.0685 -0.6724
0.5601 0.0000 0.0673 -0.6503
0.5733 0.0000 0.0660 -0.6286
0.5863 0.0000 0.0647 -0.6074
0.5994 0.0000 0.0634 -0.5865
0.6123 0.0000 0.0620 -0.5660
0.6252 0.0000 0.0606 -0.5458
0.6379 0.0000 0.0592 -0.5259
0.6506 0.0000 0.0577 -0.5063
0.6632 0.0000 0.0562 -0.4869
0.6756 0.0000 0.0546 -0.4678
0.6880 0.0000 0.0530 -0.4490
0.7001 0.0000 0.0515 -0.4304
0.7122 0.0000 0.0498 -0.4119
0.7241 0.0000 0.0482 -0.3937
0.7358 0.0000 0.0466 -0.3756
0.7474 0.0000 0.0449 -0.3577
0.7588 0.0000 0.0433 -0.3399
0.7700 0.0000 0.0416 -0.3222
0.7810 0.0000 0.0399 -0.3046
0.7918 0.0000 0.0383 -0.2871
0.8025 0.0000 0.0366 -0.2697
0.8129 0.0000 0.0349 -0.2524
0.8230 0.0000 0.0333 -0.2351
0.8330 0.0000 0.0316 -0.2178
0.8427 0.0000 0.0300 -0.2006
0.8522 0.0000 0.0284 -0.1834
0.8614 0.0000 0.0268 -0.1662
0.8704 0.0000 0.0252 -0.1489
0.8791 0.0000 0.0237 -0.1316
0.8876 0.0000 0.0221 -0.1143
0.8958 0.0000 0.0207 -0.0969
0.9037 0.0000 0.0192 -0.0795
0.9113 0.0000 0.0178 -0.0619
0.9187 0.0000 0.0164 -0.0443
0.9257 0.0000 0.0150 -0.0265
0.9325 0.0000 0.0137 -0.0086
0.9389 0.0000 0.0125 0.0095
0.9451 0.0000 0.0113 0.0278
0.9509 0.0000 0.0101 0.0463
0.9564 0.0000 0.0090 0.0651
0.9616 0.0000 0.0080 0.0842
0.9665 0.0000 0.0070 0.1037
0.9711 0.0000 0.0060 0.1236
0.9753 0.0000 0.0052 0.1440
0.9793 0.0000 0.0044 0.1650
0.9828 0.0000 0.0036 0.1867
0.9861 0.0000 0.0029 0.2094
0.9890 0.0000 0.0023 0.2331
0.9916 0.0000 0.0018 0.2584
0.9938 0.0000 0.0013 0.2855
0.9957 0.0000 0.0009 0.3152
0.9972 0.0000 0.0006 0.3485
0.9984 0.0000 0.0003 0.3874
0.9993 0.0000 0.0001 0.4358
0.9998 0.0000 0.0000 0.5023
1.0000 0.0000 -0.0000 0.5415
