VARIABLES= "X","Y","Z","CP"
1.0000 0.0000 0.0000 0.5373
0.9998 0.0000 -0.0000 0.5007
0.9993 0.0000 -0.0001 0.4404
0.9984 0.0000 -0.0001 0.3996
0.9972 0.0000 -0.0002 0.3692
0.9956 0.0000 -0.0003 0.3452
0.9937 0.0000 -0.0005 0.3255
0.9914 0.0000 -0.0007 0.3088
0.9888 0.0000 -0.0009 0.2945
0.9858 0.0000 -0.0011 0.2820
0.9825 0.0000 -0.0013 0.2710
0.9789 0.0000 -0.0016 0.2613
0.9749 0.0000 -0.0019 0.2525
0.9706 0.0000 -0.0023 0.2447
0.9659 0.0000 -0.0026 0.2376
0.9610 0.0000 -0.0030 0.2312
0.9557 0.0000 -0.0034 0.2254
0.9501 0.0000 -0.0038 0.2201
0.9441 0.0000 -0.0042 0.2153
0.9379 0.0000 -0.0047 0.2109
0.9313 0.0000 -0.0052 0.2069
0.9245 0.0000 -0.0057 0.2033
0.9174 0.0000 -0.0062 0.2000
0.9099 0.0000 -0.0067 0.1970
0.9022 0.0000 -0.0073 0.1943
0.8942 0.0000 -0.0079 0.1918
0.8859 0.0000 -0.0085 0.1896
0.8774 0.0000 -0.0091 0.1876
0.8686 0.0000 -0.0097 0.1858
0.8595 0.0000 -0.0104 0.1842
0.8502 0.0000 -0.0110 0.1827
0.8407 0.0000 -0.0117 0.1815
0.8309 0.0000 -0.0124 0.1803
0.8209 0.0000 -0.0131 0.1793
0.8106 0.0000 -0.0138 0.1785
0.8002 0.0000 -0.0145 0.1778
0.7895 0.0000 -0.0152 0.1771
0.7787 0.0000 -0.0160 0.1766
0.7676 0.0000 -0.0167 0.1762
0.7564 0.0000 -0.0175 0.1759
0.7450 0.0000 -0.0182 0.1756
0.7334 0.0000 -0.0190 0.1754
0.7216 0.0000 -0.0198 0.1753
0.7098 0.0000 -0.0206 0.1753
0.6977 0.0000 -0.0214 0.1754
0.6856 0.0000 -0.0222 0.1755
0.6733 0.0000 -0.0230 0.1757
0.6609 0.0000 -0.0238 0.1759
0.6483 0.0000 -0.0246 0.1762
0.6357 0.0000 -0.0254 0.1766
0.6230 0.0000 -0.0262 0.1771
0.6102 0.0000 -0.0270 0.1776
0.5973 0.0000 -0.0278 0.1782
0.5844 0.0000 -0.0286 0.1789
0.5714 0.0000 -0.0293 0.1797
0.5584 0.0000 -0.0301 0.1806
0.5453 0.0000 -0.0309 0.1816
0.5322 0.0000 -0.0316 0.1828
0.5191 0.0000 -0.0323 0.1841
0.5060 0.0000 -0.0331 0.1855
0.4928 0.0000 -0.0338 0.1872
0.4797 0.0000 -0.0344 0.1890
0.4666 0.0000 -0.0351 0.1911
0.4535 0.0000 -0.0357 0.1935
0.4405 0.0000 -0.0363 0.1963
0.4275 0.0000 -0.0369 0.1996
0.4145 0.0000 -0.0374 0.2037
0.4016 0.0000 -0.0379 0.2084
0.3889 0.0000 -0.0384 0.2128
0.3763 0.0000 -0.0389 0.2167
0.3637 0.0000 -0.0393 0.2205
0.3513 0.0000 -0.0398 0.2242
0.3389 0.0000 -0.0402 0.2280
0.3267 0.0000 -0.0405 0.2319
0.3145 0.0000 -0.0409 0.2360
0.3025 0.0000 -0.0412 0.2403
0.2907 0.0000 -0.0415 0.2449
0.2790 0.0000 -0.0417 0.2499
0.2674 0.0000 -0.0420 0.2552
0.2560 0.0000 -0.0421 0.2610
0.2447 0.0000 -0.0423 0.2672
0.2337 0.0000 -0.0423 0.2740
0.2228 0.0000 -0.0424 0.2814
0.2121 0.0000 -0.0424 0.2894
0.2016 0.0000 -0.0423 0.2981
0.1912 0.0000 -0.0422 0.3076
0.1811 0.0000 -0.0420 0.3179
0.1712 0.0000 -0.0418 0.3292
0.1616 0.0000 -0.0415 0.3414
0.1521 0.0000 -0.0411 0.3546
0.1429 0.0000 -0.0407 0.3691
0.1339 0.0000 -0.0402 0.3847
0.1252 0.0000 -0.0397 0.4018
0.1167 0.0000 -0.0391 0.4202
0.1085 0.0000 -0.0384 0.4403
0.1005 0.0000 -0.0377 0.4620
0.0929 0.0000 -0.0369 0.4856
0.0854 0.0000 -0.0360 0.5111
0.0783 0.0000 -0.0350 0.5387
0.0714 0.0000 -0.0340 0.5685
0.0649 0.0000 -0.0330 0.6006
0.0586 0.0000 -0.0318 0.6352
0.0526 0.0000 -0.0306 0.6722
0.0469 0.0000 -0.0293 0.7116
0.0416 0.0000 -0.0280 0.7533
0.0365 0.0000 -0.0266 0.7967
0.0317 0.0000 -0.0251 0.8413
0.0273 0.0000 -0.0236 0.8856
0.0232 0.0000 -0.0220 0.9277
0.0194 0.0000 -0.0203 0.9640
0.0160 0.0000 -0.0185 0.9894
0.0128 0.0000 -0.0167 0.9959
0.0101 0.0000 -0.0149 0.9720
0.0076 0.0000 -0.0129 0.9015
0.0055 0.0000 -0.0109 0.7639
0.0037 0.0000 -0.0089 0.5368
0.0023 0.0000 -0.0067 0.2020
0.0012 0.0000 -0.0046 -0.2441
0.0004 0.0000 -0.0023 -0.7811
0.0000 0.0000 0.0000 -1.3664
-0.0001 0.0000 0.0023 -1.9433
0.0002 0.0000 0.0047 -2.4449
0.0009 0.0000 0.0071 -2.8192
0.0019 0.0000 0.0094 -3.0525
0.0032 0.0000 0.0118 -3.1613
0.0049 0.0000 0.0142 -3.1761
0.0070 0.0000 0.0165 -3.1280
0.0094 0.0000 0.0189 -3.0424
0.0121 0.0000 0.0213 -2.9372
0.0152 0.0000 0.0237 -2.8242
0.0187 0.0000 0.0260 -2.7107
0.0224 0.0000 0.0284 -2.6007
0.0266 0.0000 0.0307 -2.4965
0.0310 0.0000 0.0331 -2.3989
0.0358 0.0000 0.0354 -2.3083
0.0410 0.0000 0.0376 -2.2243
0.0464 0.0000 0.0399 -2.1467
0.0522 0.0000 0.0421 -2.0749
0.0583 0.0000 0.0443 -2.0084
0.0647 0.0000 0.0465 -1.9467
0.0715 0.0000 0.0486 -1.8893
0.0785 0.0000 0.0507 -1.8357
0.0859 0.0000 0.0527 -1.7855
0.0936 0.0000 0.0547 -1.7383
0.1015 0.0000 0.0566 -1.6938
0.1097 0.0000 0.0585 -1.6517
0.1183 0.0000 0.0603 -1.6116
0.1271 0.0000 0.0621 -1.5734
0.1361 0.0000 0.0637 -1.5368
0.1454 0.0000 0.0653 -1.5017
0.1550 0.0000 0.0669 -1.4679
0.1649 0.0000 0.0683 -1.4351
0.1749 0.0000 0.0697 -1.4033
0.1853 0.0000 0.0710 -1.3724
0.1958 0.0000 0.0722 -1.3423
0.2066 0.0000 0.0733 -1.3128
0.2175 0.0000 0.0743 -1.2839
0.2287 0.0000 0.0752 -1.2554
0.2401 0.0000 0.0761 -1.2275
0.2516 0.0000 0.0768 -1.1998
0.2634 0.0000 0.0774 -1.1725
0.2753 0.0000 0.0780 -1.1455
0.2874 0.0000 0.0784 -1.1187
0.2996 0.0000 0.0788 -1.0920
0.3119 0.0000 0.0790 -1.0655
0.3244 0.0000 0.0792 -1.0390
0.3371 0.0000 0.0792 -1.0125
0.3498 0.0000 0.0791 -0.9859
0.3626 0.0000 0.0790 -0.9591
0.3756 0.0000 0.0787 -0.9319
0.3886 0.0000 0.0784 -0.9035
0.4017 0.0000 0.0779 -0.8742
0.4147 0.0000 0.0774 -0.8460
0.4278 0.0000 0.0768 -0.8198
0.4410 0.0000 0.0761 -0.7948
0.4542 0.0000 0.0754 -0.7709
0.4674 0.0000 0.0746 -0.7477
0.4807 0.0000 0.0737 -0.7251
0.4940 0.0000 0.0728 -0.7031
0.5072 0.0000 0.0718 -0.6816
0.5205 0.0000 0.0708 -0.6606
0.5337 0.0000 0.0697 -0.6400
0.5469 0.0000 0.0685 -0.6198
0.5601 0.0000 0.0673 -0.6000
0.5733 0.0000 0.0660 -0.5805
0.5863 0.0000 0.0647 -0.5614
0.5994 0.0000 0.0634 -0.5425
0.6123 0.0000 0.0620 -0.5240
0.6252 0.0000 0.0606 -0.5056
0.6379 0.0000 0.0592 -0.4876
0.6506 0.0000 0.0577 -0.4698
0.6632 0.0000 0.0562 -0.4521
0.6756 0.0000 0.0546 -0.4347
0.6880 0.0000 0.0530 -0.4175
0.7001 0.0000 0.0515 -0.4004
0.7122 0.0000 0.0498 -0.3835
0.7241 0.0000 0.0482 -0.3667
0.7358 0.0000 0.0466 -0.3501
0.7474 0.0000 0.0449 -0.3335
0.7588 0.0000 0.0433 -0.3171
0.7700 0.0000 0.0416 -0.3007
0.7810 0.0000 0.0399 -0.2844
0.7918 0.0000 0.0383 -0.2682
0.8025 0.0000 0.0366 -0.2520
0.8129 0.0000 0.0349 -0.2358
0.8230 0.0000 0.0333 -0.2196
0.8330 0.0000 0.0316 -0.2035
0.8427 0.0000 0.0300 -0.1873
0.8522 0.0000 0.0284 -0.1711
0.8614 0.0000 0.0268 -0.1549
0.8704 0.0000 0.0252 -0.1386
0.8791 0.0000 0.0237 -0.1223
0.8876 0.0000 0.0221 -0.1059
0.8958 0.0000 0.0207 -0.0894
0.9037 0.0000 0.0192 -0.0728
0.9113 0.0000 0.0178 -0.0561
0.9187 0.0000 0.0164 -0.0393
0.9257 0.0000 0.0150 -0.0223
0.9325 0.0000 0.0137 -0.0051
0.9389 0.0000 0.0125 0.0123
0.9451 0.0000 0.0113 0.0298
0.9509 0.0000 0.0101 0.0477
0.9564 0.0000 0.0090 0.0658
0.9616 0.0000 0.0080 0.0843
0.9665 0.0000 0.0070 0.1031
0.9711 0.0000 0.0060 0.1225
0.9753 0.0000 0.0052 0.1423
0.9793 0.0000 0.0044 0.1628
0.9828 0.0000 0.0036 0.1841
0.9861 0.0000 0.0029 0.2062
0.9890 0.0000 0.0023 0.2296
0.9916 0.0000 0.0018 0.2545
0.9938 0.0000 0.0013 0.2813
0.9957 0.0000 0.0009 0.3107
0.9972 0.0000 0.0006 0.3438
0.9984 0.0000 0.0003 0.3826
0.9993 0.0000 0.0001 0.4311
0.9998 0.0000 0.0000 0.4978
1.0000 0.0000 -0.0000 0.5373
