VARIABLES= "X","Y","Z","CP"
1.0000 0.0000 0.0000 0.5276
0.9998 0.0000 -0.0000 0.4898
0.9993 0.0000 -0.0001 0.4271
0.9984 0.0000 -0.0001 0.3840
0.9972 0.0000 -0.0002 0.3515
0.9956 0.0000 -0.0003 0.3254
0.9937 0.0000 -0.0005 0.3036
0.9914 0.0000 -0.0007 0.2849
0.9888 0.0000 -0.0009 0.2685
0.9858 0.0000 -0.0011 0.2539
0.9825 0.0000 -0.0013 0.2407
0.9789 0.0000 -0.0016 0.2288
0.9749 0.0000 -0.0019 0.2179
0.9706 0.0000 -0.0023 0.2078
0.9659 0.0000 -0.0026 0.1985
0.9610 0.0000 -0.0030 0.1899
0.9557 0.0000 -0.0034 0.1818
0.9501 0.0000 -0.0038 0.1742
0.9441 0.0000 -0.0042 0.1671
0.9379 0.0000 -0.0047 0.1604
0.9313 0.0000 -0.0052 0.1541
0.9245 0.0000 -0.0057 0.1481
0.9174 0.0000 -0.0062 0.1424
0.9099 0.0000 -0.0067 0.1370
0.9022 0.0000 -0.0073 0.1318
0.8942 0.0000 -0.0079 0.1269
0.8859 0.0000 -0.0085 0.1222
0.8774 0.0000 -0.0091 0.1176
0.8686 0.0000 -0.0097 0.1133
0.8595 0.0000 -0.0104 0.1091
0.8502 0.0000 -0.0110 0.1050
0.8407 0.0000 -0.0117 0.1011
0.8309 0.0000 -0.0124 0.0973
0.8209 0.0000 -0.0131 0.0936
0.8106 0.0000 -0.0138 0.0900
0.8002 0.0000 -0.0145 0.0864
0.7895 0.0000 -0.0152 0.0830
0.7787 0.0000 -0.0160 0.0796
0.7676 0.0000 -0.0167 0.0762
0.7564 0.0000 -0.0175 0.0729
0.7450 0.0000 -0.0182 0.0696
0.7334 0.0000 -0.0190 0.0663
0.7216 0.0000 -0.0198 0.0631
0.7098 0.0000 -0.0206 0.0599
0.6977 0.0000 -0.0214 0.0566
0.6856 0.0000 -0.0222 0.0534
0.6733 0.0000 -0.0230 0.0502
0.6609 0.0000 -0.0238 0.0469
0.6483 0.0000 -0.0246 0.0437
0.6357 0.0000 -0.0254 0.0404
0.6230 0.0000 -0.0262 0.0371
0.6102 0.0000 -0.0270 0.0338
0.5973 0.0000 -0.0278 0.0305
0.5844 0.0000 -0.0286 0.0271
0.5714 0.0000 -0.0293 0.0238
0.5584 0.0000 -0.0301 0.0205
0.5453 0.0000 -0.0309 0.0171
0.5322 0.0000 -0.0316 0.0138
0.5191 0.0000 -0.0323 0.0105
0.5060 0.0000 -0.0331 0.0073
0.4928 0.0000 -0.0338 0.0041
0.4797 0.0000 -0.0344 0.0010
0.4666 0.0000 -0.0351 -0.0020
0.4535 0.0000 -0.0357 -0.0048
0.4405 0.0000 -0.0363 -0.0073
0.4275 0.0000 -0.0369 -0.0095
0.4145 0.0000 -0.0374 -0.0110
0.4016 0.0000 -0.0379 -0.0118
0.3889 0.0000 -0.0384 -0.0127
0.3763 0.0000 -0.0389 -0.0145
0.3637 0.0000 -0.0393 -0.0169
0.3513 0.0000 -0.0398 -0.0197
0.3389 0.0000 -0.0402 -0.0227
0.3267 0.0000 -0.0405 -0.0259
0.3145 0.0000 -0.0409 -0.0292
0.3025 0.0000 -0.0412 -0.0326
0.2907 0.0000 -0.0415 -0.0361
0.2790 0.0000 -0.0417 -0.0395
0.2674 0.0000 -0.0420 -0.0429
0.2560 0.0000 -0.0421 -0.0462
0.2447 0.0000 -0.0423 -0.0494
0.2337 0.0000 -0.0423 -0.0525
0.2228 0.0000 -0.0424 -0.0553
0.2121 0.0000 -0.0424 -0.0580
0.2016 0.0000 -0.0423 -0.0604
0.1912 0.0000 -0.0422 -0.0624
0.1811 0.0000 -0.0420 -0.0641
0.1712 0.0000 -0.0418 -0.0654
0.1616 0.0000 -0.0415 -0.0662
0.1521 0.0000 -0.0411 -0.0665
0.1429 0.0000 -0.0407 -0.0661
0.1339 0.0000 -0.0402 -0.0651
0.1252 0.0000 -0.0397 -0.0633
0.1167 0.0000 -0.0391 -0.0606
0.1085 0.0000 -0.0384 -0.0569
0.1005 0.0000 -0.0377 -0.0521
0.0929 0.0000 -0.0369 -0.0460
0.0854 0.0000 -0.0360 -0.0384
0.0783 0.0000 -0.0350 -0.0291
0.0714 0.0000 -0.0340 -0.0178
0.0649 0.0000 -0.0330 -0.0044
0.0586 0.0000 -0.0318 0.0118
0.0526 0.0000 -0.0306 0.0310
0.0469 0.0000 -0.0293 0.0537
0.0416 0.0000 -0.0280 0.0807
0.0365 0.0000 -0.0266 0.1127
0.0317 0.0000 -0.0251 0.1506
0.0273 0.0000 -0.0236 0.1955
0.0232 0.0000 -0.0220 0.2485
0.0194 0.0000 -0.0203 0.3109
0.0160 0.0000 -0.0185 0.3839
0.0128 0.0000 -0.0167 0.4685
0.0101 0.0000 -0.0149 0.5644
0.0076 0.0000 -0.0129 0.6695
0.0055 0.0000 -0.0109 0.7784
0.0037 0.0000 -0.0089 0.8801
0.0023 0.0000 -0.0067 0.9581
0.0012 0.0000 -0.0046 0.9915
0.0004 0.0000 -0.0023 0.9610
0.0000 0.0000 0.0000 0.8574
-0.0001 0.0000 0.0023 0.6864
0.0002 0.0000 0.0047 0.4694
0.0009 0.0000 0.0071 0.2367
0.0019 0.0000 0.0094 0.0155
0.0032 0.0000 0.0118 -0.1773
0.0049 0.0000 0.0142 -0.3355
0.0070 0.0000 0.0165 -0.4602
0.0094 0.0000 0.0189 -0.5562
0.0121 0.0000 0.0213 -0.6289
0.0152 0.0000 0.0237 -0.6835
0.0187 0.0000 0.0260 -0.7245
0.0224 0.0000 0.0284 -0.7552
0.0266 0.0000 0.0307 -0.7781
0.0310 0.0000 0.0331 -0.7953
0.0358 0.0000 0.0354 -0.8080
0.0410 0.0000 0.0376 -0.8174
0.0464 0.0000 0.0399 -0.8242
0.0522 0.0000 0.0421 -0.8291
0.0583 0.0000 0.0443 -0.8323
0.0647 0.0000 0.0465 -0.8342
0.0715 0.0000 0.0486 -0.8351
0.0785 0.0000 0.0507 -0.8351
0.0859 0.0000 0.0527 -0.8344
0.0936 0.0000 0.0547 -0.8329
0.1015 0.0000 0.0566 -0.8309
0.1097 0.0000 0.0585 -0.8282
0.1183 0.0000 0.0603 -0.8251
0.1271 0.0000 0.0621 -0.8214
0.1361 0.0000 0.0637 -0.8172
0.1454 0.0000 0.0653 -0.8126
0.1550 0.0000 0.0669 -0.8075
0.1649 0.0000 0.0683 -0.8019
0.1749 0.0000 0.0697 -0.7958
0.1853 0.0000 0.0710 -0.7893
0.1958 0.0000 0.0722 -0.7824
0.2066 0.0000 0.0733 -0.7749
0.2175 0.0000 0.0743 -0.7671
0.2287 0.0000 0.0752 -0.7587
0.2401 0.0000 0.0761 -0.7500
0.2516 0.0000 0.0768 -0.7407
0.2634 0.0000 0.0774 -0.7311
0.2753 0.0000 0.0780 -0.7210
0.2874 0.0000 0.0784 -0.7104
0.2996 0.0000 0.0788 -0.6994
0.3119 0.0000 0.0790 -0.6879
0.3244 0.0000 0.0792 -0.6759
0.3371 0.0000 0.0792 -0.6634
0.3498 0.0000 0.0791 -0.6504
0.3626 0.0000 0.0790 -0.6367
0.3756 0.0000 0.0787 -0.6223
0.3886 0.0000 0.0784 -0.6065
0.4017 0.0000 0.0779 -0.5896
0.4147 0.0000 0.0774 -0.5728
0.4278 0.0000 0.0768 -0.5571
0.4410 0.0000 0.0761 -0.5424
0.4542 0.0000 0.0754 -0.5282
0.4674 0.0000 0.0746 -0.5143
0.4807 0.0000 0.0737 -0.5008
0.4940 0.0000 0.0728 -0.4874
0.5072 0.0000 0.0718 -0.4743
0.5205 0.0000 0.0708 -0.4613
0.5337 0.0000 0.0697 -0.4485
0.5469 0.0000 0.0685 -0.4358
0.5601 0.0000 0.0673 -0.4232
0.5733 0.0000 0.0660 -0.4108
0.5863 0.0000 0.0647 -0.3984
0.5994 0.0000 0.0634 -0.3861
0.6123 0.0000 0.0620 -0.3739
0.6252 0.0000 0.0606 -0.3617
0.6379 0.0000 0.0592 -0.3496
0.6506 0.0000 0.0577 -0.3376
0.6632 0.0000 0.0562 -0.3256
0.6756 0.0000 0.0546 -0.3136
0.6880 0.0000 0.0530 -0.3016
0.7001 0.0000 0.0515 -0.2897
0.7122 0.0000 0.0498 -0.2778
0.7241 0.0000 0.0482 -0.2659
0.7358 0.0000 0.0466 -0.2539
0.7474 0.0000 0.0449 -0.2420
0.7588 0.0000 0.0433 -0.2300
0.7700 0.0000 0.0416 -0.2180
0.7810 0.0000 0.0399 -0.2059
0.7918 0.0000 0.0383 -0.1938
0.8025 0.0000 0.0366 -0.1816
0.8129 0.0000 0.0349 -0.1693
0.8230 0.0000 0.0333 -0.1570
0.8330 0.0000 0.0316 -0.1445
0.8427 0.0000 0.0300 -0.1320
0.8522 0.0000 0.0284 -0.1193
0.8614 0.0000 0.0268 -0.1065
0.8704 0.0000 0.0252 -0.0936
0.8791 0.0000 0.0237 -0.0805
0.8876 0.0000 0.0221 -0.0673
0.8958 0.0000 0.0207 -0.0539
0.9037 0.0000 0.0192 -0.0403
0.9113 0.0000 0.0178 -0.0265
0.9187 0.0000 0.0164 -0.0125
0.9257 0.0000 0.0150 0.0017
0.9325 0.0000 0.0137 0.0162
0.9389 0.0000 0.0125 0.0310
0.9451 0.0000 0.0113 0.0461
0.9509 0.0000 0.0101 0.0615
0.9564 0.0000 0.0090 0.0773
0.9616 0.0000 0.0080 0.0935
0.9665 0.0000 0.0070 0.1102
0.9711 0.0000 0.0060 0.1274
0.9753 0.0000 0.0052 0.1452
0.9793 0.0000 0.0044 0.1638
0.9828 0.0000 0.0036 0.1832
0.9861 0.0000 0.0029 0.2037
0.9890 0.0000 0.0023 0.2255
0.9916 0.0000 0.0018 0.2488
0.9938 0.0000 0.0013 0.2743
0.9957 0.0000 0.0009 0.3025
0.9972 0.0000 0.0006 0.3347
0.9984 0.0000 0.0003 0.3727
0.9993 0.0000 0.0001 0.4208
0.9998 0.0000 0.0000 0.4878
1.0000 0.0000 -0.0000 0.5276
