VARIABLES= "X","Y","Z","CP"
1.0000 0.0000 0.0000 0.5306
0.9998 0.0000 -0.0000 0.4932
0.9993 0.0000 -0.0001 0.4314
0.9984 0.0000 -0.0001 0.3891
0.9972 0.0000 -0.0002 0.3575
0.9956 0.0000 -0.0003 0.3322
0.9937 0.0000 -0.0005 0.3112
0.9914 0.0000 -0.0007 0.2932
0.9888 0.0000 -0.0009 0.2776
0.9858 0.0000 -0.0011 0.2639
0.9825 0.0000 -0.0013 0.2516
0.9789 0.0000 -0.0016 0.2405
0.9749 0.0000 -0.0019 0.2304
0.9706 0.0000 -0.0023 0.2212
0.9659 0.0000 -0.0026 0.2128
0.9610 0.0000 -0.0030 0.2051
0.9557 0.0000 -0.0034 0.1979
0.9501 0.0000 -0.0038 0.1912
0.9441 0.0000 -0.0042 0.1851
0.9379 0.0000 -0.0047 0.1793
0.9313 0.0000 -0.0052 0.1739
0.9245 0.0000 -0.0057 0.1689
0.9174 0.0000 -0.0062 0.1641
0.9099 0.0000 -0.0067 0.1597
0.9022 0.0000 -0.0073 0.1555
0.8942 0.0000 -0.0079 0.1516
0.8859 0.0000 -0.0085 0.1479
0.8774 0.0000 -0.0091 0.1444
0.8686 0.0000 -0.0097 0.1411
0.8595 0.0000 -0.0104 0.1379
0.8502 0.0000 -0.0110 0.1350
0.8407 0.0000 -0.0117 0.1321
0.8309 0.0000 -0.0124 0.1294
0.8209 0.0000 -0.0131 0.1268
0.8106 0.0000 -0.0138 0.1243
0.8002 0.0000 -0.0145 0.1219
0.7895 0.0000 -0.0152 0.1196
0.7787 0.0000 -0.0160 0.1174
0.7676 0.0000 -0.0167 0.1153
0.7564 0.0000 -0.0175 0.1132
0.7450 0.0000 -0.0182 0.1112
0.7334 0.0000 -0.0190 0.1092
0.7216 0.0000 -0.0198 0.1072
0.7098 0.0000 -0.0206 0.1053
0.6977 0.0000 -0.0214 0.1035
0.6856 0.0000 -0.0222 0.1016
0.6733 0.0000 -0.0230 0.0998
0.6609 0.0000 -0.0238 0.0980
0.6483 0.0000 -0.0246 0.0962
0.6357 0.0000 -0.0254 0.0945
0.6230 0.0000 -0.0262 0.0928
0.6102 0.0000 -0.0270 0.0911
0.5973 0.0000 -0.0278 0.0894
0.5844 0.0000 -0.0286 0.0877
0.5714 0.0000 -0.0293 0.0861
0.5584 0.0000 -0.0301 0.0846
0.5453 0.0000 -0.0309 0.0831
0.5322 0.0000 -0.0316 0.0816
0.5191 0.0000 -0.0323 0.0803
0.5060 0.0000 -0.0331 0.0790
0.4928 0.0000 -0.0338 0.0779
0.4797 0.0000 -0.0344 0.0769
0.4666 0.0000 -0.0351 0.0761
0.4535 0.0000 -0.0357 0.0755
0.4405 0.0000 -0.0363 0.0752
0.4275 0.0000 -0.0369 0.0753
0.4145 0.0000 -0.0374 0.0763
0.4016 0.0000 -0.0379 0.0779
0.3889 0.0000 -0.0384 0.0792
0.3763 0.0000 -0.0389 0.0799
0.3637 0.0000 -0.0393 0.0802
0.3513 0.0000 -0.0398 0.0802
0.3389 0.0000 -0.0402 0.0801
0.3267 0.0000 -0.0405 0.0800
0.3145 0.0000 -0.0409 0.0799
0.3025 0.0000 -0.0412 0.0799
0.2907 0.0000 -0.0415 0.0800
0.2790 0.0000 -0.0417 0.0802
0.2674 0.0000 -0.0420 0.0807
0.2560 0.0000 -0.0421 0.0814
0.2447 0.0000 -0.0423 0.0824
0.2337 0.0000 -0.0423 0.0837
0.2228 0.0000 -0.0424 0.0854
0.2121 0.0000 -0.0424 0.0876
0.2016 0.0000 -0.0423 0.0902
0.1912 0.0000 -0.0422 0.0934
0.1811 0.0000 -0.0420 0.0972
0.1712 0.0000 -0.0418 0.1017
0.1616 0.0000 -0.0415 0.1069
0.1521 0.0000 -0.0411 0.1130
0.1429 0.0000 -0.0407 0.1200
0.1339 0.0000 -0.0402 0.1280
0.1252 0.0000 -0.0397 0.1371
0.1167 0.0000 -0.0391 0.1475
0.1085 0.0000 -0.0384 0.1593
0.1005 0.0000 -0.0377 0.1726
0.0929 0.0000 -0.0369 0.1876
0.0854 0.0000 -0.0360 0.2045
0.0783 0.0000 -0.0350 0.2236
0.0714 0.0000 -0.0340 0.2451
0.0649 0.0000 -0.0330 0.2693
0.0586 0.0000 -0.0318 0.2965
0.0526 0.0000 -0.0306 0.3270
0.0469 0.0000 -0.0293 0.3614
0.0416 0.0000 -0.0280 0.4001
0.0365 0.0000 -0.0266 0.4435
0.0317 0.0000 -0.0251 0.4920
0.0273 0.0000 -0.0236 0.5462
0.0232 0.0000 -0.0220 0.6061
0.0194 0.0000 -0.0203 0.6716
0.0160 0.0000 -0.0185 0.7418
0.0128 0.0000 -0.0167 0.8145
0.0101 0.0000 -0.0149 0.8853
0.0076 0.0000 -0.0129 0.9467
0.0055 0.0000 -0.0109 0.9868
0.0037 0.0000 -0.0089 0.9887
0.0023 0.0000 -0.0067 0.9326
0.0012 0.0000 -0.0046 0.8006
0.0004 0.0000 -0.0023 0.5851
0.0000 0.0000 0.0000 0.2951
-0.0001 0.0000 0.0023 -0.0439
0.0002 0.0000 0.0047 -0.3919
0.0009 0.0000 0.0071 -0.7074
0.0019 0.0000 0.0094 -0.9645
0.0032 0.0000 0.0118 -1.1556
0.0049 0.0000 0.0142 -1.2864
0.0070 0.0000 0.0165 -1.3688
0.0094 0.0000 0.0189 -1.4152
0.0121 0.0000 0.0213 -1.4363
0.0152 0.0000 0.0237 -1.4403
0.0187 0.0000 0.0260 -1.4332
0.0224 0.0000 0.0284 -1.4191
0.0266 0.0000 0.0307 -1.4009
0.0310 0.0000 0.0331 -1.3802
0.0358 0.0000 0.0354 -1.3585
0.0410 0.0000 0.0376 -1.3364
0.0464 0.0000 0.0399 -1.3145
0.0522 0.0000 0.0421 -1.2930
0.0583 0.0000 0.0443 -1.2721
0.0647 0.0000 0.0465 -1.2519
0.0715 0.0000 0.0486 -1.2323
0.0785 0.0000 0.0507 -1.2134
0.0859 0.0000 0.0527 -1.1951
0.0936 0.0000 0.0547 -1.1774
0.1015 0.0000 0.0566 -1.1601
0.1097 0.0000 0.0585 -1.1433
0.1183 0.0000 0.0603 -1.1268
0.1271 0.0000 0.0621 -1.1106
0.1361 0.0000 0.0637 -1.0946
0.1454 0.0000 0.0653 -1.0788
0.1550 0.0000 0.0669 -1.0631
0.1649 0.0000 0.0683 -1.0475
0.1749 0.0000 0.0697 -1.0320
0.1853 0.0000 0.0710 -1.0164
0.1958 0.0000 0.0722 -1.0009
0.2066 0.0000 0.0733 -0.9852
0.2175 0.0000 0.0743 -0.9695
0.2287 0.0000 0.0752 -0.9536
0.2401 0.0000 0.0761 -0.9376
0.2516 0.0000 0.0768 -0.9215
0.2634 0.0000 0.0774 -0.9052
0.2753 0.0000 0.0780 -0.8886
0.2874 0.0000 0.0784 -0.8719
0.2996 0.0000 0.0788 -0.8549
0.3119 0.0000 0.0790 -0.8377
0.3244 0.0000 0.0792 -0.8202
0.3371 0.0000 0.0792 -0.8024
0.3498 0.0000 0.0791 -0.7842
0.3626 0.0000 0.0790 -0.7654
0.3756 0.0000 0.0787 -0.7461
0.3886 0.0000 0.0784 -0.7255
0.4017 0.0000 0.0779 -0.7037
0.4147 0.0000 0.0774 -0.6825
0.4278 0.0000 0.0768 -0.6628
0.4410 0.0000 0.0761 -0.6441
0.4542 0.0000 0.0754 -0.6261
0.4674 0.0000 0.0746 -0.6086
0.4807 0.0000 0.0737 -0.5915
0.4940 0.0000 0.0728 -0.5748
0.5072 0.0000 0.0718 -0.5585
0.5205 0.0000 0.0708 -0.5423
0.5337 0.0000 0.0697 -0.5265
0.5469 0.0000 0.0685 -0.5109
0.5601 0.0000 0.0673 -0.4954
0.5733 0.0000 0.0660 -0.4802
0.5863 0.0000 0.0647 -0.4652
0.5994 0.0000 0.0634 -0.4503
0.6123 0.0000 0.0620 -0.4356
0.6252 0.0000 0.0606 -0.4210
0.6379 0.0000 0.0592 -0.4066
0.6506 0.0000 0.0577 -0.3922
0.6632 0.0000 0.0562 -0.3780
0.6756 0.0000 0.0546 -0.3639
0.6880 0.0000 0.0530 -0.3499
0.7001 0.0000 0.0515 -0.3359
0.7122 0.0000 0.0498 -0.3220
0.7241 0.0000 0.0482 -0.3081
0.7358 0.0000 0.0466 -0.2943
0.7474 0.0000 0.0449 -0.2805
0.7588 0.0000 0.0433 -0.2668
0.7700 0.0000 0.0416 -0.2530
0.7810 0.0000 0.0399 -0.2393
0.7918 0.0000 0.0383 -0.2255
0.8025 0.0000 0.0366 -0.2117
0.8129 0.0000 0.0349 -0.1979
0.8230 0.0000 0.0333 -0.1840
0.8330 0.0000 0.0316 -0.1700
0.8427 0.0000 0.0300 -0.1560
0.8522 0.0000 0.0284 -0.1420
0.8614 0.0000 0.0268 -0.1278
0.8704 0.0000 0.0252 -0.1135
0.8791 0.0000 0.0237 -0.0991
0.8876 0.0000 0.0221 -0.0846
0.8958 0.0000 0.0207 -0.0700
0.9037 0.0000 0.0192 -0.0552
0.9113 0.0000 0.0178 -0.0402
0.9187 0.0000 0.0164 -0.0250
0.9257 0.0000 0.0150 -0.0097
0.9325 0.0000 0.0137 0.0059
0.9389 0.0000 0.0125 0.0217
0.9451 0.0000 0.0113 0.0378
0.9509 0.0000 0.0101 0.0542
0.9564 0.0000 0.0090 0.0710
0.9616 0.0000 0.0080 0.0881
0.9665 0.0000 0.0070 0.1057
0.9711 0.0000 0.0060 0.1238
0.9753 0.0000 0.0052 0.1425
0.9793 0.0000 0.0044 0.1619
0.9828 0.0000 0.0036 0.1821
0.9861 0.0000 0.0029 0.2033
0.9890 0.0000 0.0023 0.2257
0.9916 0.0000 0.0018 0.2497
0.9938 0.0000 0.0013 0.2758
0.9957 0.0000 0.0009 0.3045
0.9972 0.0000 0.0006 0.3371
0.9984 0.0000 0.0003 0.3756
0.9993 0.0000 0.0001 0.4239
0.9998 0.0000 0.0000 0.4909
1.0000 0.0000 -0.0000 0.5306
