VARIABLES= "X","Y","Z","CP"
1.0000 0.0000 0.0000 0.5254
0.9998 0.0000 -0.0000 0.4868
0.9993 0.0000 -0.0001 0.4224
0.9984 0.0000 -0.0001 0.3776
0.9972 0.0000 -0.0002 0.3432
0.9956 0.0000 -0.0003 0.3151
0.9937 0.0000 -0.0005 0.2911
0.9914 0.0000 -0.0007 0.2702
0.9888 0.0000 -0.0009 0.2515
0.9858 0.0000 -0.0011 0.2346
0.9825 0.0000 -0.0013 0.2191
0.9789 0.0000 -0.0016 0.2047
0.9749 0.0000 -0.0019 0.1913
0.9706 0.0000 -0.0023 0.1787
0.9659 0.0000 -0.0026 0.1668
0.9610 0.0000 -0.0030 0.1555
0.9557 0.0000 -0.0034 0.1448
0.9501 0.0000 -0.0038 0.1345
0.9441 0.0000 -0.0042 0.1247
0.9379 0.0000 -0.0047 0.1152
0.9313 0.0000 -0.0052 0.1060
0.9245 0.0000 -0.0057 0.0971
0.9174 0.0000 -0.0062 0.0885
0.9099 0.0000 -0.0067 0.0801
0.9022 0.0000 -0.0073 0.0719
0.8942 0.0000 -0.0079 0.0639
0.8859 0.0000 -0.0085 0.0561
0.8774 0.0000 -0.0091 0.0484
0.8686 0.0000 -0.0097 0.0408
0.8595 0.0000 -0.0104 0.0334
0.8502 0.0000 -0.0110 0.0260
0.8407 0.0000 -0.0117 0.0187
0.8309 0.0000 -0.0124 0.0114
0.8209 0.0000 -0.0131 0.0043
0.8106 0.0000 -0.0138 -0.0029
0.8002 0.0000 -0.0145 -0.0101
0.7895 0.0000 -0.0152 -0.0172
0.7787 0.0000 -0.0160 -0.0244
0.7676 0.0000 -0.0167 -0.0316
0.7564 0.0000 -0.0175 -0.0388
0.7450 0.0000 -0.0182 -0.0461
0.7334 0.0000 -0.0190 -0.0534
0.7216 0.0000 -0.0198 -0.0609
0.7098 0.0000 -0.0206 -0.0684
0.6977 0.0000 -0.0214 -0.0760
0.6856 0.0000 -0.0222 -0.0837
0.6733 0.0000 -0.0230 -0.0915
0.6609 0.0000 -0.0238 -0.0995
0.6483 0.0000 -0.0246 -0.1076
0.6357 0.0000 -0.0254 -0.1159
0.6230 0.0000 -0.0262 -0.1243
0.6102 0.0000 -0.0270 -0.1329
0.5973 0.0000 -0.0278 -0.1416
0.5844 0.0000 -0.0286 -0.1505
0.5714 0.0000 -0.0293 -0.1596
0.5584 0.0000 -0.0301 -0.1688
0.5453 0.0000 -0.0309 -0.1783
0.5322 0.0000 -0.0316 -0.1879
0.5191 0.0000 -0.0323 -0.1977
0.5060 0.0000 -0.0331 -0.2076
0.4928 0.0000 -0.0338 -0.2178
0.4797 0.0000 -0.0344 -0.2280
0.4666 0.0000 -0.0351 -0.2383
0.4535 0.0000 -0.0357 -0.2487
0.4405 0.0000 -0.0363 -0.2591
0.4275 0.0000 -0.0369 -0.2694
0.4145 0.0000 -0.0374 -0.2793
0.4016 0.0000 -0.0379 -0.2884
0.3889 0.0000 -0.0384 -0.2975
0.3763 0.0000 -0.0389 -0.3080
0.3637 0.0000 -0.0393 -0.3198
0.3513 0.0000 -0.0398 -0.3326
0.3389 0.0000 -0.0402 -0.3461
0.3267 0.0000 -0.0405 -0.3604
0.3145 0.0000 -0.0409 -0.3753
0.3025 0.0000 -0.0412 -0.3910
0.2907 0.0000 -0.0415 -0.4072
0.2790 0.0000 -0.0417 -0.4241
0.2674 0.0000 -0.0420 -0.4417
0.2560 0.0000 -0.0421 -0.4599
0.2447 0.0000 -0.0423 -0.4789
0.2337 0.0000 -0.0423 -0.4984
0.2228 0.0000 -0.0424 -0.5187
0.2121 0.0000 -0.0424 -0.5398
0.2016 0.0000 -0.0423 -0.5616
0.1912 0.0000 -0.0422 -0.5842
0.1811 0.0000 -0.0420 -0.6076
0.1712 0.0000 -0.0418 -0.6319
0.1616 0.0000 -0.0415 -0.6571
0.1521 0.0000 -0.0411 -0.6834
0.1429 0.0000 -0.0407 -0.7106
0.1339 0.0000 -0.0402 -0.7391
0.1252 0.0000 -0.0397 -0.7687
0.1167 0.0000 -0.0391 -0.7996
0.1085 0.0000 -0.0384 -0.8320
0.1005 0.0000 -0.0377 -0.8659
0.0929 0.0000 -0.0369 -0.9014
0.0854 0.0000 -0.0360 -0.9387
0.0783 0.0000 -0.0350 -0.9780
0.0714 0.0000 -0.0340 -1.0193
0.0649 0.0000 -0.0330 -1.0629
0.0586 0.0000 -0.0318 -1.1088
0.0526 0.0000 -0.0306 -1.1572
0.0469 0.0000 -0.0293 -1.2081
0.0416 0.0000 -0.0280 -1.2615
0.0365 0.0000 -0.0266 -1.3171
0.0317 0.0000 -0.0251 -1.3746
0.0273 0.0000 -0.0236 -1.4330
0.0232 0.0000 -0.0220 -1.4908
0.0194 0.0000 -0.0203 -1.5456
0.0160 0.0000 -0.0185 -1.5933
0.0128 0.0000 -0.0167 -1.6278
0.0101 0.0000 -0.0149 -1.6401
0.0076 0.0000 -0.0129 -1.6175
0.0055 0.0000 -0.0109 -1.5437
0.0037 0.0000 -0.0089 -1.4008
0.0023 0.0000 -0.0067 -1.1750
0.0012 0.0000 -0.0046 -0.8647
0.0004 0.0000 -0.0023 -0.4902
0.0000 0.0000 0.0000 -0.0944
-0.0001 0.0000 0.0023 0.2746
0.0002 0.0000 0.0047 0.5799
0.0009 0.0000 0.0071 0.7997
0.0019 0.0000 0.0094 0.9316
0.0032 0.0000 0.0118 0.9882
0.0049 0.0000 0.0142 0.9890
0.0070 0.0000 0.0165 0.9530
0.0094 0.0000 0.0189 0.8953
0.0121 0.0000 0.0213 0.8265
0.0152 0.0000 0.0237 0.7533
0.0187 0.0000 0.0260 0.6800
0.0224 0.0000 0.0284 0.6090
0.0266 0.0000 0.0307 0.5414
0.0310 0.0000 0.0331 0.4778
0.0358 0.0000 0.0354 0.4184
0.0410 0.0000 0.0376 0.3631
0.0464 0.0000 0.0399 0.3117
0.0522 0.0000 0.0421 0.2640
0.0583 0.0000 0.0443 0.2197
0.0647 0.0000 0.0465 0.1785
0.0715 0.0000 0.0486 0.1402
0.0785 0.0000 0.0507 0.1047
0.0859 0.0000 0.0527 0.0716
0.0936 0.0000 0.0547 0.0408
0.1015 0.0000 0.0566 0.0121
0.1097 0.0000 0.0585 -0.0145
0.1183 0.0000 0.0603 -0.0393
0.1271 0.0000 0.0621 -0.0624
0.1361 0.0000 0.0637 -0.0838
0.1454 0.0000 0.0653 -0.1037
0.1550 0.0000 0.0669 -0.1221
0.1649 0.0000 0.0683 -0.1391
0.1749 0.0000 0.0697 -0.1547
0.1853 0.0000 0.0710 -0.1691
0.1958 0.0000 0.0722 -0.1823
0.2066 0.0000 0.0733 -0.1943
0.2175 0.0000 0.0743 -0.2051
0.2287 0.0000 0.0752 -0.2149
0.2401 0.0000 0.0761 -0.2236
0.2516 0.0000 0.0768 -0.2314
0.2634 0.0000 0.0774 -0.2381
0.2753 0.0000 0.0780 -0.2439
0.2874 0.0000 0.0784 -0.2488
0.2996 0.0000 0.0788 -0.2528
0.3119 0.0000 0.0790 -0.2558
0.3244 0.0000 0.0792 -0.2580
0.3371 0.0000 0.0792 -0.2593
0.3498 0.0000 0.0791 -0.2598
0.3626 0.0000 0.0790 -0.2593
0.3756 0.0000 0.0787 -0.2577
0.3886 0.0000 0.0784 -0.2549
0.4017 0.0000 0.0779 -0.2507
0.4147 0.0000 0.0774 -0.2456
0.4278 0.0000 0.0768 -0.2410
0.4410 0.0000 0.0761 -0.2369
0.4542 0.0000 0.0754 -0.2329
0.4674 0.0000 0.0746 -0.2290
0.4807 0.0000 0.0737 -0.2249
0.4940 0.0000 0.0728 -0.2208
0.5072 0.0000 0.0718 -0.2166
0.5205 0.0000 0.0708 -0.2123
0.5337 0.0000 0.0697 -0.2078
0.5469 0.0000 0.0685 -0.2032
0.5601 0.0000 0.0673 -0.1985
0.5733 0.0000 0.0660 -0.1937
0.5863 0.0000 0.0647 -0.1887
0.5994 0.0000 0.0634 -0.1836
0.6123 0.0000 0.0620 -0.1784
0.6252 0.0000 0.0606 -0.1731
0.6379 0.0000 0.0592 -0.1676
0.6506 0.0000 0.0577 -0.1621
0.6632 0.0000 0.0562 -0.1563
0.6756 0.0000 0.0546 -0.1505
0.6880 0.0000 0.0530 -0.1445
0.7001 0.0000 0.0515 -0.1385
0.7122 0.0000 0.0498 -0.1322
0.7241 0.0000 0.0482 -0.1259
0.7358 0.0000 0.0466 -0.1193
0.7474 0.0000 0.0449 -0.1127
0.7588 0.0000 0.0433 -0.1059
0.7700 0.0000 0.0416 -0.0989
0.7810 0.0000 0.0399 -0.0918
0.7918 0.0000 0.0383 -0.0845
0.8025 0.0000 0.0366 -0.0771
0.8129 0.0000 0.0349 -0.0694
0.8230 0.0000 0.0333 -0.0616
0.8330 0.0000 0.0316 -0.0536
0.8427 0.0000 0.0300 -0.0454
0.8522 0.0000 0.0284 -0.0370
0.8614 0.0000 0.0268 -0.0283
0.8704 0.0000 0.0252 -0.0195
0.8791 0.0000 0.0237 -0.0104
0.8876 0.0000 0.0221 -0.0010
0.8958 0.0000 0.0207 0.0086
0.9037 0.0000 0.0192 0.0185
0.9113 0.0000 0.0178 0.0286
0.9187 0.0000 0.0164 0.0391
0.9257 0.0000 0.0150 0.0498
0.9325 0.0000 0.0137 0.0609
0.9389 0.0000 0.0125 0.0724
0.9451 0.0000 0.0113 0.0842
0.9509 0.0000 0.0101 0.0965
0.9564 0.0000 0.0090 0.1092
0.9616 0.0000 0.0080 0.1224
0.9665 0.0000 0.0070 0.1362
0.9711 0.0000 0.0060 0.1506
0.9753 0.0000 0.0052 0.1658
0.9793 0.0000 0.0044 0.1817
0.9828 0.0000 0.0036 0.1986
0.9861 0.0000 0.0029 0.2166
0.9890 0.0000 0.0023 0.2360
0.9916 0.0000 0.0018 0.2571
0.9938 0.0000 0.0013 0.2805
0.9957 0.0000 0.0009 0.3067
0.9972 0.0000 0.0006 0.3370
0.9984 0.0000 0.0003 0.3734
0.9993 0.0000 0.0001 0.4201
0.9998 0.0000 0.0000 0.4861
1.0000 0.0000 -0.0000 0.5254
