VARIABLES= "X","Y","Z","CP"
1.0000 0.0000 0.0000 0.5668
0.9998 0.0000 -0.0000 0.5334
0.9993 0.0000 -0.0001 0.4787
0.9984 0.0000 -0.0001 0.4424
0.9972 0.0000 -0.0002 0.4162
0.9956 0.0000 -0.0003 0.3962
0.9937 0.0000 -0.0005 0.3803
0.9914 0.0000 -0.0007 0.3673
0.9888 0.0000 -0.0009 0.3566
0.9858 0.0000 -0.0011 0.3478
0.9825 0.0000 -0.0013 0.3403
0.9789 0.0000 -0.0016 0.3341
0.9749 0.0000 -0.0019 0.3289
0.9706 0.0000 -0.0023 0.3245
0.9659 0.0000 -0.0026 0.3209
0.9610 0.0000 -0.0030 0.3180
0.9557 0.0000 -0.0034 0.3157
0.9501 0.0000 -0.0038 0.3140
0.9441 0.0000 -0.0042 0.3127
0.9379 0.0000 -0.0047 0.3118
0.9313 0.0000 -0.0052 0.3114
0.9245 0.0000 -0.0057 0.3113
0.9174 0.0000 -0.0062 0.3115
0.9099 0.0000 -0.0067 0.3121
0.9022 0.0000 -0.0073 0.3130
0.8942 0.0000 -0.0079 0.3141
0.8859 0.0000 -0.0085 0.3155
0.8774 0.0000 -0.0091 0.3171
0.8686 0.0000 -0.0097 0.3189
0.8595 0.0000 -0.0104 0.3210
0.8502 0.0000 -0.0110 0.3232
0.8407 0.0000 -0.0117 0.3257
0.8309 0.0000 -0.0124 0.3283
0.8209 0.0000 -0.0131 0.3311
0.8106 0.0000 -0.0138 0.3341
0.8002 0.0000 -0.0145 0.3372
0.7895 0.0000 -0.0152 0.3404
0.7787 0.0000 -0.0160 0.3438
0.7676 0.0000 -0.0167 0.3474
0.7564 0.0000 -0.0175 0.3510
0.7450 0.0000 -0.0182 0.3549
0.7334 0.0000 -0.0190 0.3588
0.7216 0.0000 -0.0198 0.3629
0.7098 0.0000 -0.0206 0.3671
0.6977 0.0000 -0.0214 0.3714
0.6856 0.0000 -0.0222 0.3759
0.6733 0.0000 -0.0230 0.3805
0.6609 0.0000 -0.0238 0.3852
0.6483 0.0000 -0.0246 0.3901
0.6357 0.0000 -0.0254 0.3951
0.6230 0.0000 -0.0262 0.4002
0.6102 0.0000 -0.0270 0.4055
0.5973 0.0000 -0.0278 0.4110
0.5844 0.0000 -0.0286 0.4167
0.5714 0.0000 -0.0293 0.4225
0.5584 0.0000 -0.0301 0.4285
0.5453 0.0000 -0.0309 0.4348
0.5322 0.0000 -0.0316 0.4412
0.5191 0.0000 -0.0323 0.4479
0.5060 0.0000 -0.0331 0.4549
0.4928 0.0000 -0.0338 0.4621
0.4797 0.0000 -0.0344 0.4696
0.4666 0.0000 -0.0351 0.4774
0.4535 0.0000 -0.0357 0.4856
0.4405 0.0000 -0.0363 0.4942
0.4275 0.0000 -0.0369 0.5033
0.4145 0.0000 -0.0374 0.5133
0.4016 0.0000 -0.0379 0.5236
0.3889 0.0000 -0.0384 0.5335
0.3763 0.0000 -0.0389 0.5432
0.3637 0.0000 -0.0393 0.5531
0.3513 0.0000 -0.0398 0.5632
0.3389 0.0000 -0.0402 0.5736
0.3267 0.0000 -0.0405 0.5844
0.3145 0.0000 -0.0409 0.5954
0.3025 0.0000 -0.0412 0.6069
0.2907 0.0000 -0.0415 0.6188
0.2790 0.0000 -0.0417 0.6311
0.2674 0.0000 -0.0420 0.6439
0.2560 0.0000 -0.0421 0.6572
0.2447 0.0000 -0.0423 0.6710
0.2337 0.0000 -0.0423 0.6853
0.2228 0.0000 -0.0424 0.7002
0.2121 0.0000 -0.0424 0.7156
0.2016 0.0000 -0.0423 0.7316
0.1912 0.0000 -0.0422 0.7482
0.1811 0.0000 -0.0420 0.7653
0.1712 0.0000 -0.0418 0.7830
0.1616 0.0000 -0.0415 0.8012
0.1521 0.0000 -0.0411 0.8198
0.1429 0.0000 -0.0407 0.8388
0.1339 0.0000 -0.0402 0.8581
0.1252 0.0000 -0.0397 0.8775
0.1167 0.0000 -0.0391 0.8969
0.1085 0.0000 -0.0384 0.9161
0.1005 0.0000 -0.0377 0.9346
0.0929 0.0000 -0.0369 0.9521
0.0854 0.0000 -0.0360 0.9681
0.0783 0.0000 -0.0350 0.9818
0.0714 0.0000 -0.0340 0.9923
0.0649 0.0000 -0.0330 0.9983
0.0586 0.0000 -0.0318 0.9982
0.0526 0.0000 -0.0306 0.9898
0.0469 0.0000 -0.0293 0.9702
0.0416 0.0000 -0.0280 0.9356
0.0365 0.0000 -0.0266 0.8806
0.0317 0.0000 -0.0251 0.7981
0.0273 0.0000 -0.0236 0.6787
0.0232 0.0000 -0.0220 0.5095
0.0194 0.0000 -0.0203 0.2731
0.0160 0.0000 -0.0185 -0.0534
0.0128 0.0000 -0.0167 -0.4994
0.0101 0.0000 -0.0149 -1.1011
0.0076 0.0000 -0.0129 -1.8989
0.0055 0.0000 -0.0109 -2.9299
0.0037 0.0000 -0.0089 -4.2121
0.0023 0.0000 -0.0067 -5.7202
0.0012 0.0000 -0.0046 -7.3634
0.0004 0.0000 -0.0023 -8.9887
0.0000 0.0000 0.0000 -10.4300
-0.0001 0.0000 0.0023 -11.5407
0.0002 0.0000 0.0047 -12.1913
0.0009 0.0000 0.0071 -12.3374
0.0019 0.0000 0.0094 -12.0577
0.0032 0.0000 0.0118 -11.4891
0.0049 0.0000 0.0142 -10.7661
0.0070 0.0000 0.0165 -9.9905
0.0094 0.0000 0.0189 -9.2269
0.0121 0.0000 0.0213 -8.5100
0.0152 0.0000 0.0237 -7.8554
0.0187 0.0000 0.0260 -7.2667
0.0224 0.0000 0.0284 -6.7414
0.0266 0.0000 0.0307 -6.2744
0.0310 0.0000 0.0331 -5.8593
0.0358 0.0000 0.0354 -5.4899
0.0410 0.0000 0.0376 -5.1602
0.0464 0.0000 0.0399 -4.8651
0.0522 0.0000 0.0421 -4.5999
0.0583 0.0000 0.0443 -4.3605
0.0647 0.0000 0.0465 -4.1437
0.0715 0.0000 0.0486 -3.9465
0.0785 0.0000 0.0507 -3.7663
0.0859 0.0000 0.0527 -3.6009
0.0936 0.0000 0.0547 -3.4487
0.1015 0.0000 0.0566 -3.3079
0.1097 0.0000 0.0585 -3.1772
0.1183 0.0000 0.0603 -3.0555
0.1271 0.0000 0.0621 -2.9418
0.1361 0.0000 0.0637 -2.8350
0.1454 0.0000 0.0653 -2.7346
0.1550 0.0000 0.0669 -2.6398
0.1649 0.0000 0.0683 -2.5500
0.1749 0.0000 0.0697 -2.4648
0.1853 0.0000 0.0710 -2.3836
0.1958 0.0000 0.0722 -2.3061
0.2066 0.0000 0.0733 -2.2320
0.2175 0.0000 0.0743 -2.1608
0.2287 0.0000 0.0752 -2.0925
0.2401 0.0000 0.0761 -2.0266
0.2516 0.0000 0.0768 -1.9630
0.2634 0.0000 0.0774 -1.9014
0.2753 0.0000 0.0780 -1.8418
0.2874 0.0000 0.0784 -1.7839
0.2996 0.0000 0.0788 -1.7275
0.3119 0.0000 0.0790 -1.6726
0.3244 0.0000 0.0792 -1.6190
0.3371 0.0000 0.0792 -1.5665
0.3498 0.0000 0.0791 -1.5149
0.3626 0.0000 0.0790 -1.4640
0.3756 0.0000 0.0787 -1.4135
0.3886 0.0000 0.0784 -1.3623
0.4017 0.0000 0.0779 -1.3109
0.4147 0.0000 0.0774 -1.2627
0.4278 0.0000 0.0768 -1.2177
0.4410 0.0000 0.0761 -1.1748
0.4542 0.0000 0.0754 -1.1336
0.4674 0.0000 0.0746 -1.0940
0.4807 0.0000 0.0737 -1.0557
0.4940 0.0000 0.0728 -1.0187
0.5072 0.0000 0.0718 -0.9828
0.5205 0.0000 0.0708 -0.9479
0.5337 0.0000 0.0697 -0.9140
0.5469 0.0000 0.0685 -0.8810
0.5601 0.0000 0.0673 -0.8489
0.5733 0.0000 0.0660 -0.8176
0.5863 0.0000 0.0647 -0.7871
0.5994 0.0000 0.0634 -0.7572
0.6123 0.0000 0.0620 -0.7281
0.6252 0.0000 0.0606 -0.6995
0.6379 0.0000 0.0592 -0.6716
0.6506 0.0000 0.0577 -0.6443
0.6632 0.0000 0.0562 -0.6175
0.6756 0.0000 0.0546 -0.5911
0.6880 0.0000 0.0530 -0.5653
0.7001 0.0000 0.0515 -0.5399
0.7122 0.0000 0.0498 -0.5150
0.7241 0.0000 0.0482 -0.4904
0.7358 0.0000 0.0466 -0.4662
0.7474 0.0000 0.0449 -0.4423
0.7588 0.0000 0.0433 -0.4188
0.7700 0.0000 0.0416 -0.3956
0.7810 0.0000 0.0399 -0.3726
0.7918 0.0000 0.0383 -0.3499
0.8025 0.0000 0.0366 -0.3275
0.8129 0.0000 0.0349 -0.3053
0.8230 0.0000 0.0333 -0.2832
0.8330 0.0000 0.0316 -0.2614
0.8427 0.0000 0.0300 -0.2397
0.8522 0.0000 0.0284 -0.2182
0.8614 0.0000 0.0268 -0.1968
0.8704 0.0000 0.0252 -0.1755
0.8791 0.0000 0.0237 -0.1544
0.8876 0.0000 0.0221 -0.1333
0.8958 0.0000 0.0207 -0.1123
0.9037 0.0000 0.0192 -0.0913
0.9113 0.0000 0.0178 -0.0704
0.9187 0.0000 0.0164 -0.0494
0.9257 0.0000 0.0150 -0.0285
0.9325 0.0000 0.0137 -0.0076
0.9389 0.0000 0.0125 0.0134
0.9451 0.0000 0.0113 0.0345
0.9509 0.0000 0.0101 0.0556
0.9564 0.0000 0.0090 0.0770
0.9616 0.0000 0.0080 0.0985
0.9665 0.0000 0.0070 0.1202
0.9711 0.0000 0.0060 0.1422
0.9753 0.0000 0.0052 0.1646
0.9793 0.0000 0.0044 0.1875
0.9828 0.0000 0.0036 0.2109
0.9861 0.0000 0.0029 0.2351
0.9890 0.0000 0.0023 0.2603
0.9916 0.0000 0.0018 0.2866
0.9938 0.0000 0.0013 0.3147
0.9957 0.0000 0.0009 0.3450
0.9972 0.0000 0.0006 0.3786
0.9984 0.0000 0.0003 0.4174
0.9993 0.0000 0.0001 0.4649
0.9998 0.0000 0.0000 0.5291
1.0000 0.0000 -0.0000 0.5668
