VARIABLES= "X","Y","Z","CP"
1.0000 0.0000 0.0000 0.5360
0.9998 0.0000 -0.0000 0.4993
0.9993 0.0000 -0.0001 0.4387
0.9984 0.0000 -0.0001 0.3976
0.9972 0.0000 -0.0002 0.3670
0.9956 0.0000 -0.0003 0.3428
0.9937 0.0000 -0.0005 0.3228
0.9914 0.0000 -0.0007 0.3060
0.9888 0.0000 -0.0009 0.2915
0.9858 0.0000 -0.0011 0.2788
0.9825 0.0000 -0.0013 0.2675
0.9789 0.0000 -0.0016 0.2575
0.9749 0.0000 -0.0019 0.2486
0.9706 0.0000 -0.0023 0.2405
0.9659 0.0000 -0.0026 0.2332
0.9610 0.0000 -0.0030 0.2266
0.9557 0.0000 -0.0034 0.2205
0.9501 0.0000 -0.0038 0.2150
0.9441 0.0000 -0.0042 0.2100
0.9379 0.0000 -0.0047 0.2054
0.9313 0.0000 -0.0052 0.2012
0.9245 0.0000 -0.0057 0.1973
0.9174 0.0000 -0.0062 0.1938
0.9099 0.0000 -0.0067 0.1905
0.9022 0.0000 -0.0073 0.1876
0.8942 0.0000 -0.0079 0.1849
0.8859 0.0000 -0.0085 0.1824
0.8774 0.0000 -0.0091 0.1802
0.8686 0.0000 -0.0097 0.1781
0.8595 0.0000 -0.0104 0.1762
0.8502 0.0000 -0.0110 0.1746
0.8407 0.0000 -0.0117 0.1730
0.8309 0.0000 -0.0124 0.1716
0.8209 0.0000 -0.0131 0.1704
0.8106 0.0000 -0.0138 0.1693
0.8002 0.0000 -0.0145 0.1683
0.7895 0.0000 -0.0152 0.1674
0.7787 0.0000 -0.0160 0.1666
0.7676 0.0000 -0.0167 0.1659
0.7564 0.0000 -0.0175 0.1652
0.7450 0.0000 -0.0182 0.1647
0.7334 0.0000 -0.0190 0.1643
0.7216 0.0000 -0.0198 0.1639
0.7098 0.0000 -0.0206 0.1635
0.6977 0.0000 -0.0214 0.1633
0.6856 0.0000 -0.0222 0.1631
0.6733 0.0000 -0.0230 0.1629
0.6609 0.0000 -0.0238 0.1629
0.6483 0.0000 -0.0246 0.1628
0.6357 0.0000 -0.0254 0.1629
0.6230 0.0000 -0.0262 0.1630
0.6102 0.0000 -0.0270 0.1632
0.5973 0.0000 -0.0278 0.1634
0.5844 0.0000 -0.0286 0.1637
0.5714 0.0000 -0.0293 0.1641
0.5584 0.0000 -0.0301 0.1647
0.5453 0.0000 -0.0309 0.1653
0.5322 0.0000 -0.0316 0.1660
0.5191 0.0000 -0.0323 0.1669
0.5060 0.0000 -0.0331 0.1679
0.4928 0.0000 -0.0338 0.1691
0.4797 0.0000 -0.0344 0.1705
0.4666 0.0000 -0.0351 0.1722
0.4535 0.0000 -0.0357 0.1741
0.4405 0.0000 -0.0363 0.1764
0.4275 0.0000 -0.0369 0.1792
0.4145 0.0000 -0.0374 0.1828
0.4016 0.0000 -0.0379 0.1870
0.3889 0.0000 -0.0384 0.1910
0.3763 0.0000 -0.0389 0.1944
0.3637 0.0000 -0.0393 0.1976
0.3513 0.0000 -0.0398 0.2007
0.3389 0.0000 -0.0402 0.2039
0.3267 0.0000 -0.0405 0.2072
0.3145 0.0000 -0.0409 0.2107
0.3025 0.0000 -0.0412 0.2143
0.2907 0.0000 -0.0415 0.2183
0.2790 0.0000 -0.0417 0.2225
0.2674 0.0000 -0.0420 0.2271
0.2560 0.0000 -0.0421 0.2321
0.2447 0.0000 -0.0423 0.2376
0.2337 0.0000 -0.0423 0.2435
0.2228 0.0000 -0.0424 0.2501
0.2121 0.0000 -0.0424 0.2572
0.2016 0.0000 -0.0423 0.2651
0.1912 0.0000 -0.0422 0.2736
0.1811 0.0000 -0.0420 0.2830
0.1712 0.0000 -0.0418 0.2933
0.1616 0.0000 -0.0415 0.3045
0.1521 0.0000 -0.0411 0.3168
0.1429 0.0000 -0.0407 0.3302
0.1339 0.0000 -0.0402 0.3448
0.1252 0.0000 -0.0397 0.3608
0.1167 0.0000 -0.0391 0.3782
0.1085 0.0000 -0.0384 0.3972
0.1005 0.0000 -0.0377 0.4179
0.0929 0.0000 -0.0369 0.4404
0.0854 0.0000 -0.0360 0.4649
0.0783 0.0000 -0.0350 0.4916
0.0714 0.0000 -0.0340 0.5206
0.0649 0.0000 -0.0330 0.5521
0.0586 0.0000 -0.0318 0.5862
0.0526 0.0000 -0.0306 0.6230
0.0469 0.0000 -0.0293 0.6627
0.0416 0.0000 -0.0280 0.7050
0.0365 0.0000 -0.0266 0.7499
0.0317 0.0000 -0.0251 0.7968
0.0273 0.0000 -0.0236 0.8448
0.0232 0.0000 -0.0220 0.8921
0.0194 0.0000 -0.0203 0.9361
0.0160 0.0000 -0.0185 0.9724
0.0128 0.0000 -0.0167 0.9939
0.0101 0.0000 -0.0149 0.9905
0.0076 0.0000 -0.0129 0.9475
0.0055 0.0000 -0.0109 0.8457
0.0037 0.0000 -0.0089 0.6633
0.0023 0.0000 -0.0067 0.3812
0.0012 0.0000 -0.0046 -0.0071
0.0004 0.0000 -0.0023 -0.4870
0.0000 0.0000 0.0000 -1.0219
-0.0001 0.0000 0.0023 -1.5604
0.0002 0.0000 0.0047 -2.0400
0.0009 0.0000 0.0071 -2.4100
0.0019 0.0000 0.0094 -2.6537
0.0032 0.0000 0.0118 -2.7829
0.0049 0.0000 0.0142 -2.8232
0.0070 0.0000 0.0165 -2.8024
0.0094 0.0000 0.0189 -2.7435
0.0121 0.0000 0.0213 -2.6634
0.0152 0.0000 0.0237 -2.5733
0.0187 0.0000 0.0260 -2.4804
0.0224 0.0000 0.0284 -2.3888
0.0266 0.0000 0.0307 -2.3008
0.0310 0.0000 0.0331 -2.2178
0.0358 0.0000 0.0354 -2.1400
0.0410 0.0000 0.0376 -2.0676
0.0464 0.0000 0.0399 -2.0002
0.0522 0.0000 0.0421 -1.9377
0.0583 0.0000 0.0443 -1.8796
0.0647 0.0000 0.0465 -1.8255
0.0715 0.0000 0.0486 -1.7749
0.0785 0.0000 0.0507 -1.7276
0.0859 0.0000 0.0527 -1.6832
0.0936 0.0000 0.0547 -1.6413
0.1015 0.0000 0.0566 -1.6017
0.1097 0.0000 0.0585 -1.5641
0.1183 0.0000 0.0603 -1.5283
0.1271 0.0000 0.0621 -1.4940
0.1361 0.0000 0.0637 -1.4611
0.1454 0.0000 0.0653 -1.4294
0.1550 0.0000 0.0669 -1.3988
0.1649 0.0000 0.0683 -1.3691
0.1749 0.0000 0.0697 -1.3402
0.1853 0.0000 0.0710 -1.3119
0.1958 0.0000 0.0722 -1.2844
0.2066 0.0000 0.0733 -1.2573
0.2175 0.0000 0.0743 -1.2307
0.2287 0.0000 0.0752 -1.2045
0.2401 0.0000 0.0761 -1.1786
0.2516 0.0000 0.0768 -1.1529
0.2634 0.0000 0.0774 -1.1276
0.2753 0.0000 0.0780 -1.1023
0.2874 0.0000 0.0784 -1.0773
0.2996 0.0000 0.0788 -1.0523
0.3119 0.0000 0.0790 -1.0274
0.3244 0.0000 0.0792 -1.0024
0.3371 0.0000 0.0792 -0.9774
0.3498 0.0000 0.0791 -0.9523
0.3626 0.0000 0.0790 -0.9269
0.3756 0.0000 0.0787 -0.9010
0.3886 0.0000 0.0784 -0.8739
0.4017 0.0000 0.0779 -0.8459
0.4147 0.0000 0.0774 -0.8189
0.4278 0.0000 0.0768 -0.7938
0.4410 0.0000 0.0761 -0.7699
0.4542 0.0000 0.0754 -0.7470
0.4674 0.0000 0.0746 -0.7247
0.4807 0.0000 0.0737 -0.7031
0.4940 0.0000 0.0728 -0.6820
0.5072 0.0000 0.0718 -0.6614
0.5205 0.0000 0.0708 -0.6412
0.5337 0.0000 0.0697 -0.6214
0.5469 0.0000 0.0685 -0.6020
0.5601 0.0000 0.0673 -0.5829
0.5733 0.0000 0.0660 -0.5642
0.5863 0.0000 0.0647 -0.5457
0.5994 0.0000 0.0634 -0.5275
0.6123 0.0000 0.0620 -0.5096
0.6252 0.0000 0.0606 -0.4919
0.6379 0.0000 0.0592 -0.4745
0.6506 0.0000 0.0577 -0.4572
0.6632 0.0000 0.0562 -0.4402
0.6756 0.0000 0.0546 -0.4233
0.6880 0.0000 0.0530 -0.4066
0.7001 0.0000 0.0515 -0.3901
0.7122 0.0000 0.0498 -0.3737
0.7241 0.0000 0.0482 -0.3574
0.7358 0.0000 0.0466 -0.3412
0.7474 0.0000 0.0449 -0.3251
0.7588 0.0000 0.0433 -0.3091
0.7700 0.0000 0.0416 -0.2932
0.7810 0.0000 0.0399 -0.2773
0.7918 0.0000 0.0383 -0.2615
0.8025 0.0000 0.0366 -0.2457
0.8129 0.0000 0.0349 -0.2299
0.8230 0.0000 0.0333 -0.2141
0.8330 0.0000 0.0316 -0.1983
0.8427 0.0000 0.0300 -0.1825
0.8522 0.0000 0.0284 -0.1667
0.8614 0.0000 0.0268 -0.1508
0.8704 0.0000 0.0252 -0.1348
0.8791 0.0000 0.0237 -0.1188
0.8876 0.0000 0.0221 -0.1027
0.8958 0.0000 0.0207 -0.0866
0.9037 0.0000 0.0192 -0.0703
0.9113 0.0000 0.0178 -0.0538
0.9187 0.0000 0.0164 -0.0373
0.9257 0.0000 0.0150 -0.0206
0.9325 0.0000 0.0137 -0.0036
0.9389 0.0000 0.0125 0.0135
0.9451 0.0000 0.0113 0.0308
0.9509 0.0000 0.0101 0.0484
0.9564 0.0000 0.0090 0.0663
0.9616 0.0000 0.0080 0.0846
0.9665 0.0000 0.0070 0.1032
0.9711 0.0000 0.0060 0.1223
0.9753 0.0000 0.0052 0.1420
0.9793 0.0000 0.0044 0.1623
0.9828 0.0000 0.0036 0.1834
0.9861 0.0000 0.0029 0.2054
0.9890 0.0000 0.0023 0.2287
0.9916 0.0000 0.0018 0.2534
0.9938 0.0000 0.0013 0.2801
0.9957 0.0000 0.0009 0.3094
0.9972 0.0000 0.0006 0.3424
0.9984 0.0000 0.0003 0.3812
0.9993 0.0000 0.0001 0.4297
0.9998 0.0000 0.0000 0.4965
1.0000 0.0000 -0.0000 0.5360
