VARIABLES= "X","Y","Z","CP"
1.0000 0.0000 0.0000 0.5692
0.9998 0.0000 -0.0000 0.5360
0.9993 0.0000 -0.0001 0.4817
0.9984 0.0000 -0.0001 0.4458
0.9972 0.0000 -0.0002 0.4199
0.9956 0.0000 -0.0003 0.4001
0.9937 0.0000 -0.0005 0.3844
0.9914 0.0000 -0.0007 0.3717
0.9888 0.0000 -0.0009 0.3613
0.9858 0.0000 -0.0011 0.3526
0.9825 0.0000 -0.0013 0.3454
0.9789 0.0000 -0.0016 0.3394
0.9749 0.0000 -0.0019 0.3344
0.9706 0.0000 -0.0023 0.3302
0.9659 0.0000 -0.0026 0.3269
0.9610 0.0000 -0.0030 0.3242
0.9557 0.0000 -0.0034 0.3221
0.9501 0.0000 -0.0038 0.3205
0.9441 0.0000 -0.0042 0.3194
0.9379 0.0000 -0.0047 0.3188
0.9313 0.0000 -0.0052 0.3185
0.9245 0.0000 -0.0057 0.3187
0.9174 0.0000 -0.0062 0.3191
0.9099 0.0000 -0.0067 0.3199
0.9022 0.0000 -0.0073 0.3210
0.8942 0.0000 -0.0079 0.3223
0.8859 0.0000 -0.0085 0.3239
0.8774 0.0000 -0.0091 0.3257
0.8686 0.0000 -0.0097 0.3278
0.8595 0.0000 -0.0104 0.3300
0.8502 0.0000 -0.0110 0.3325
0.8407 0.0000 -0.0117 0.3351
0.8309 0.0000 -0.0124 0.3380
0.8209 0.0000 -0.0131 0.3410
0.8106 0.0000 -0.0138 0.3441
0.8002 0.0000 -0.0145 0.3474
0.7895 0.0000 -0.0152 0.3509
0.7787 0.0000 -0.0160 0.3545
0.7676 0.0000 -0.0167 0.3583
0.7564 0.0000 -0.0175 0.3622
0.7450 0.0000 -0.0182 0.3662
0.7334 0.0000 -0.0190 0.3704
0.7216 0.0000 -0.0198 0.3746
0.7098 0.0000 -0.0206 0.3791
0.6977 0.0000 -0.0214 0.3836
0.6856 0.0000 -0.0222 0.3883
0.6733 0.0000 -0.0230 0.3931
0.6609 0.0000 -0.0238 0.3981
0.6483 0.0000 -0.0246 0.4032
0.6357 0.0000 -0.0254 0.4084
0.6230 0.0000 -0.0262 0.4138
0.6102 0.0000 -0.0270 0.4194
0.5973 0.0000 -0.0278 0.4251
0.5844 0.0000 -0.0286 0.4310
0.5714 0.0000 -0.0293 0.4371
0.5584 0.0000 -0.0301 0.4433
0.5453 0.0000 -0.0309 0.4498
0.5322 0.0000 -0.0316 0.4565
0.5191 0.0000 -0.0323 0.4635
0.5060 0.0000 -0.0331 0.4707
0.4928 0.0000 -0.0338 0.4781
0.4797 0.0000 -0.0344 0.4859
0.4666 0.0000 -0.0351 0.4939
0.4535 0.0000 -0.0357 0.5024
0.4405 0.0000 -0.0363 0.5112
0.4275 0.0000 -0.0369 0.5206
0.4145 0.0000 -0.0374 0.5308
0.4016 0.0000 -0.0379 0.5414
0.3889 0.0000 -0.0384 0.5514
0.3763 0.0000 -0.0389 0.5613
0.3637 0.0000 -0.0393 0.5714
0.3513 0.0000 -0.0398 0.5818
0.3389 0.0000 -0.0402 0.5925
0.3267 0.0000 -0.0405 0.6034
0.3145 0.0000 -0.0409 0.6147
0.3025 0.0000 -0.0412 0.6264
0.2907 0.0000 -0.0415 0.6385
0.2790 0.0000 -0.0417 0.6510
0.2674 0.0000 -0.0420 0.6640
0.2560 0.0000 -0.0421 0.6774
0.2447 0.0000 -0.0423 0.6914
0.2337 0.0000 -0.0423 0.7058
0.2228 0.0000 -0.0424 0.7208
0.2121 0.0000 -0.0424 0.7363
0.2016 0.0000 -0.0423 0.7523
0.1912 0.0000 -0.0422 0.7689
0.1811 0.0000 -0.0420 0.7859
0.1712 0.0000 -0.0418 0.8034
0.1616 0.0000 -0.0415 0.8213
0.1521 0.0000 -0.0411 0.8396
0.1429 0.0000 -0.0407 0.8582
0.1339 0.0000 -0.0402 0.8769
0.1252 0.0000 -0.0397 0.8955
0.1167 0.0000 -0.0391 0.9140
0.1085 0.0000 -0.0384 0.9320
0.1005 0.0000 -0.0377 0.9491
0.0929 0.0000 -0.0369 0.9648
0.0854 0.0000 -0.0360 0.9786
0.0783 0.0000 -0.0350 0.9897
0.0714 0.0000 -0.0340 0.9970
0.0649 0.0000 -0.0330 0.9991
0.0586 0.0000 -0.0318 0.9943
0.0526 0.0000 -0.0306 0.9801
0.0469 0.0000 -0.0293 0.9534
0.0416 0.0000 -0.0280 0.9100
0.0365 0.0000 -0.0266 0.8441
0.0317 0.0000 -0.0251 0.7483
0.0273 0.0000 -0.0236 0.6122
0.0232 0.0000 -0.0220 0.4221
0.0194 0.0000 -0.0203 0.1595
0.0160 0.0000 -0.0185 -0.1997
0.0128 0.0000 -0.0167 -0.6868
0.0101 0.0000 -0.0149 -1.3397
0.0076 0.0000 -0.0129 -2.2002
0.0055 0.0000 -0.0109 -3.3064
0.0037 0.0000 -0.0089 -4.6747
0.0023 0.0000 -0.0067 -6.2755
0.0012 0.0000 -0.0046 -8.0095
0.0004 0.0000 -0.0023 -9.7126
0.0000 0.0000 0.0000 -11.2097
-0.0001 0.0000 0.0023 -12.3482
0.0002 0.0000 0.0047 -12.9953
0.0009 0.0000 0.0071 -13.1087
0.0019 0.0000 0.0094 -12.7758
0.0032 0.0000 0.0118 -12.1436
0.0049 0.0000 0.0142 -11.3546
0.0070 0.0000 0.0165 -10.5161
0.0094 0.0000 0.0189 -9.6951
0.0121 0.0000 0.0213 -8.9275
0.0152 0.0000 0.0237 -8.2286
0.0187 0.0000 0.0260 -7.6014
0.0224 0.0000 0.0284 -7.0430
0.0266 0.0000 0.0307 -6.5473
0.0310 0.0000 0.0331 -6.1073
0.0358 0.0000 0.0354 -5.7162
0.0410 0.0000 0.0376 -5.3676
0.0464 0.0000 0.0399 -5.0558
0.0522 0.0000 0.0421 -4.7758
0.0583 0.0000 0.0443 -4.5235
0.0647 0.0000 0.0465 -4.2950
0.0715 0.0000 0.0486 -4.0873
0.0785 0.0000 0.0507 -3.8977
0.0859 0.0000 0.0527 -3.7238
0.0936 0.0000 0.0547 -3.5638
0.1015 0.0000 0.0566 -3.4160
0.1097 0.0000 0.0585 -3.2789
0.1183 0.0000 0.0603 -3.1513
0.1271 0.0000 0.0621 -3.0321
0.1361 0.0000 0.0637 -2.9203
0.1454 0.0000 0.0653 -2.8152
0.1550 0.0000 0.0669 -2.7161
0.1649 0.0000 0.0683 -2.6223
0.1749 0.0000 0.0697 -2.5332
0.1853 0.0000 0.0710 -2.4485
0.1958 0.0000 0.0722 -2.3678
0.2066 0.0000 0.0733 -2.2905
0.2175 0.0000 0.0743 -2.2164
0.2287 0.0000 0.0752 -2.1453
0.2401 0.0000 0.0761 -2.0768
0.2516 0.0000 0.0768 -2.0107
0.2634 0.0000 0.0774 -1.9468
0.2753 0.0000 0.0780 -1.8850
0.2874 0.0000 0.0784 -1.8250
0.2996 0.0000 0.0788 -1.7666
0.3119 0.0000 0.0790 -1.7098
0.3244 0.0000 0.0792 -1.6544
0.3371 0.0000 0.0792 -1.6001
0.3498 0.0000 0.0791 -1.5469
0.3626 0.0000 0.0790 -1.4944
0.3756 0.0000 0.0787 -1.4424
0.3886 0.0000 0.0784 -1.3896
0.4017 0.0000 0.0779 -1.3368
0.4147 0.0000 0.0774 -1.2872
0.4278 0.0000 0.0768 -1.2410
0.4410 0.0000 0.0761 -1.1970
0.4542 0.0000 0.0754 -1.1547
0.4674 0.0000 0.0746 -1.1140
0.4807 0.0000 0.0737 -1.0748
0.4940 0.0000 0.0728 -1.0368
0.5072 0.0000 0.0718 -0.9999
0.5205 0.0000 0.0708 -0.9642
0.5337 0.0000 0.0697 -0.9294
0.5469 0.0000 0.0685 -0.8956
0.5601 0.0000 0.0673 -0.8627
0.5733 0.0000 0.0660 -0.8307
0.5863 0.0000 0.0647 -0.7994
0.5994 0.0000 0.0634 -0.7689
0.6123 0.0000 0.0620 -0.7390
0.6252 0.0000 0.0606 -0.7099
0.6379 0.0000 0.0592 -0.6813
0.6506 0.0000 0.0577 -0.6534
0.6632 0.0000 0.0562 -0.6260
0.6756 0.0000 0.0546 -0.5991
0.6880 0.0000 0.0530 -0.5728
0.7001 0.0000 0.0515 -0.5469
0.7122 0.0000 0.0498 -0.5214
0.7241 0.0000 0.0482 -0.4964
0.7358 0.0000 0.0466 -0.4717
0.7474 0.0000 0.0449 -0.4474
0.7588 0.0000 0.0433 -0.4235
0.7700 0.0000 0.0416 -0.3998
0.7810 0.0000 0.0399 -0.3765
0.7918 0.0000 0.0383 -0.3534
0.8025 0.0000 0.0366 -0.3306
0.8129 0.0000 0.0349 -0.3080
0.8230 0.0000 0.0333 -0.2856
0.8330 0.0000 0.0316 -0.2634
0.8427 0.0000 0.0300 -0.2414
0.8522 0.0000 0.0284 -0.2196
0.8614 0.0000 0.0268 -0.1979
0.8704 0.0000 0.0252 -0.1763
0.8791 0.0000 0.0237 -0.1549
0.8876 0.0000 0.0221 -0.1335
0.8958 0.0000 0.0207 -0.1122
0.9037 0.0000 0.0192 -0.0910
0.9113 0.0000 0.0178 -0.0699
0.9187 0.0000 0.0164 -0.0487
0.9257 0.0000 0.0150 -0.0276
0.9325 0.0000 0.0137 -0.0064
0.9389 0.0000 0.0125 0.0148
0.9451 0.0000 0.0113 0.0360
0.9509 0.0000 0.0101 0.0574
0.9564 0.0000 0.0090 0.0789
0.9616 0.0000 0.0080 0.1005
0.9665 0.0000 0.0070 0.1224
0.9711 0.0000 0.0060 0.1446
0.9753 0.0000 0.0052 0.1671
0.9793 0.0000 0.0044 0.1901
0.9828 0.0000 0.0036 0.2136
0.9861 0.0000 0.0029 0.2379
0.9890 0.0000 0.0023 0.2631
0.9916 0.0000 0.0018 0.2896
0.9938 0.0000 0.0013 0.3176
0.9957 0.0000 0.0009 0.3480
0.9972 0.0000 0.0006 0.3816
0.9984 0.0000 0.0003 0.4203
0.9993 0.0000 0.0001 0.4676
0.9998 0.0000 0.0000 0.5316
1.0000 0.0000 -0.0000 0.5692
