VARIABLES= "X","Y","Z","CP"
1.0000 0.0000 0.0000 0.5252
0.9998 0.0000 -0.0000 0.4869
0.9993 0.0000 -0.0001 0.4232
0.9984 0.0000 -0.0001 0.3791
0.9972 0.0000 -0.0002 0.3456
0.9956 0.0000 -0.0003 0.3184
0.9937 0.0000 -0.0005 0.2955
0.9914 0.0000 -0.0007 0.2756
0.9888 0.0000 -0.0009 0.2580
0.9858 0.0000 -0.0011 0.2422
0.9825 0.0000 -0.0013 0.2278
0.9789 0.0000 -0.0016 0.2146
0.9749 0.0000 -0.0019 0.2024
0.9706 0.0000 -0.0023 0.1911
0.9659 0.0000 -0.0026 0.1805
0.9610 0.0000 -0.0030 0.1705
0.9557 0.0000 -0.0034 0.1611
0.9501 0.0000 -0.0038 0.1522
0.9441 0.0000 -0.0042 0.1437
0.9379 0.0000 -0.0047 0.1356
0.9313 0.0000 -0.0052 0.1278
0.9245 0.0000 -0.0057 0.1204
0.9174 0.0000 -0.0062 0.1132
0.9099 0.0000 -0.0067 0.1063
0.9022 0.0000 -0.0073 0.0996
0.8942 0.0000 -0.0079 0.0932
0.8859 0.0000 -0.0085 0.0869
0.8774 0.0000 -0.0091 0.0808
0.8686 0.0000 -0.0097 0.0749
0.8595 0.0000 -0.0104 0.0690
0.8502 0.0000 -0.0110 0.0634
0.8407 0.0000 -0.0117 0.0578
0.8309 0.0000 -0.0124 0.0523
0.8209 0.0000 -0.0131 0.0468
0.8106 0.0000 -0.0138 0.0415
0.8002 0.0000 -0.0145 0.0361
0.7895 0.0000 -0.0152 0.0309
0.7787 0.0000 -0.0160 0.0256
0.7676 0.0000 -0.0167 0.0204
0.7564 0.0000 -0.0175 0.0151
0.7450 0.0000 -0.0182 0.0099
0.7334 0.0000 -0.0190 0.0046
0.7216 0.0000 -0.0198 -0.0007
0.7098 0.0000 -0.0206 -0.0060
0.6977 0.0000 -0.0214 -0.0114
0.6856 0.0000 -0.0222 -0.0168
0.6733 0.0000 -0.0230 -0.0223
0.6609 0.0000 -0.0238 -0.0278
0.6483 0.0000 -0.0246 -0.0334
0.6357 0.0000 -0.0254 -0.0391
0.6230 0.0000 -0.0262 -0.0449
0.6102 0.0000 -0.0270 -0.0508
0.5973 0.0000 -0.0278 -0.0567
0.5844 0.0000 -0.0286 -0.0627
0.5714 0.0000 -0.0293 -0.0688
0.5584 0.0000 -0.0301 -0.0750
0.5453 0.0000 -0.0309 -0.0813
0.5322 0.0000 -0.0316 -0.0877
0.5191 0.0000 -0.0323 -0.0941
0.5060 0.0000 -0.0331 -0.1006
0.4928 0.0000 -0.0338 -0.1071
0.4797 0.0000 -0.0344 -0.1136
0.4666 0.0000 -0.0351 -0.1201
0.4535 0.0000 -0.0357 -0.1265
0.4405 0.0000 -0.0363 -0.1328
0.4275 0.0000 -0.0369 -0.1389
0.4145 0.0000 -0.0374 -0.1443
0.4016 0.0000 -0.0379 -0.1490
0.3889 0.0000 -0.0384 -0.1539
0.3763 0.0000 -0.0389 -0.1598
0.3637 0.0000 -0.0393 -0.1666
0.3513 0.0000 -0.0398 -0.1741
0.3389 0.0000 -0.0402 -0.1821
0.3267 0.0000 -0.0405 -0.1905
0.3145 0.0000 -0.0409 -0.1993
0.3025 0.0000 -0.0412 -0.2084
0.2907 0.0000 -0.0415 -0.2179
0.2790 0.0000 -0.0417 -0.2276
0.2674 0.0000 -0.0420 -0.2376
0.2560 0.0000 -0.0421 -0.2479
0.2447 0.0000 -0.0423 -0.2584
0.2337 0.0000 -0.0423 -0.2691
0.2228 0.0000 -0.0424 -0.2800
0.2121 0.0000 -0.0424 -0.2911
0.2016 0.0000 -0.0423 -0.3024
0.1912 0.0000 -0.0422 -0.3139
0.1811 0.0000 -0.0420 -0.3255
0.1712 0.0000 -0.0418 -0.3373
0.1616 0.0000 -0.0415 -0.3491
0.1521 0.0000 -0.0411 -0.3611
0.1429 0.0000 -0.0407 -0.3732
0.1339 0.0000 -0.0402 -0.3853
0.1252 0.0000 -0.0397 -0.3975
0.1167 0.0000 -0.0391 -0.4097
0.1085 0.0000 -0.0384 -0.4219
0.1005 0.0000 -0.0377 -0.4339
0.0929 0.0000 -0.0369 -0.4459
0.0854 0.0000 -0.0360 -0.4577
0.0783 0.0000 -0.0350 -0.4691
0.0714 0.0000 -0.0340 -0.4802
0.0649 0.0000 -0.0330 -0.4906
0.0586 0.0000 -0.0318 -0.5001
0.0526 0.0000 -0.0306 -0.5086
0.0469 0.0000 -0.0293 -0.5154
0.0416 0.0000 -0.0280 -0.5202
0.0365 0.0000 -0.0266 -0.5221
0.0317 0.0000 -0.0251 -0.5201
0.0273 0.0000 -0.0236 -0.5129
0.0232 0.0000 -0.0220 -0.4986
0.0194 0.0000 -0.0203 -0.4747
0.0160 0.0000 -0.0185 -0.4378
0.0128 0.0000 -0.0167 -0.3839
0.0101 0.0000 -0.0149 -0.3078
0.0076 0.0000 -0.0129 -0.2039
0.0055 0.0000 -0.0109 -0.0673
0.0037 0.0000 -0.0089 0.1037
0.0023 0.0000 -0.0067 0.3037
0.0012 0.0000 -0.0046 0.5171
0.0004 0.0000 -0.0023 0.7179
0.0000 0.0000 0.0000 0.8761
-0.0001 0.0000 0.0023 0.9691
0.0002 0.0000 0.0047 0.9897
0.0009 0.0000 0.0071 0.9456
0.0019 0.0000 0.0094 0.8554
0.0032 0.0000 0.0118 0.7398
0.0049 0.0000 0.0142 0.6160
0.0070 0.0000 0.0165 0.4953
0.0094 0.0000 0.0189 0.3834
0.0121 0.0000 0.0213 0.2828
0.0152 0.0000 0.0237 0.1938
0.0187 0.0000 0.0260 0.1155
0.0224 0.0000 0.0284 0.0470
0.0266 0.0000 0.0307 -0.0132
0.0310 0.0000 0.0331 -0.0662
0.0358 0.0000 0.0354 -0.1130
0.0410 0.0000 0.0376 -0.1546
0.0464 0.0000 0.0399 -0.1916
0.0522 0.0000 0.0421 -0.2247
0.0583 0.0000 0.0443 -0.2544
0.0647 0.0000 0.0465 -0.2812
0.0715 0.0000 0.0486 -0.3053
0.0785 0.0000 0.0507 -0.3271
0.0859 0.0000 0.0527 -0.3469
0.0936 0.0000 0.0547 -0.3647
0.1015 0.0000 0.0566 -0.3809
0.1097 0.0000 0.0585 -0.3955
0.1183 0.0000 0.0603 -0.4086
0.1271 0.0000 0.0621 -0.4204
0.1361 0.0000 0.0637 -0.4309
0.1454 0.0000 0.0653 -0.4402
0.1550 0.0000 0.0669 -0.4484
0.1649 0.0000 0.0683 -0.4555
0.1749 0.0000 0.0697 -0.4617
0.1853 0.0000 0.0710 -0.4668
0.1958 0.0000 0.0722 -0.4710
0.2066 0.0000 0.0733 -0.4743
0.2175 0.0000 0.0743 -0.4767
0.2287 0.0000 0.0752 -0.4783
0.2401 0.0000 0.0761 -0.4791
0.2516 0.0000 0.0768 -0.4791
0.2634 0.0000 0.0774 -0.4783
0.2753 0.0000 0.0780 -0.4768
0.2874 0.0000 0.0784 -0.4746
0.2996 0.0000 0.0788 -0.4716
0.3119 0.0000 0.0790 -0.4679
0.3244 0.0000 0.0792 -0.4635
0.3371 0.0000 0.0792 -0.4584
0.3498 0.0000 0.0791 -0.4525
0.3626 0.0000 0.0790 -0.4458
0.3756 0.0000 0.0787 -0.4381
0.3886 0.0000 0.0784 -0.4292
0.4017 0.0000 0.0779 -0.4189
0.4147 0.0000 0.0774 -0.4083
0.4278 0.0000 0.0768 -0.3984
0.4410 0.0000 0.0761 -0.3892
0.4542 0.0000 0.0754 -0.3804
0.4674 0.0000 0.0746 -0.3717
0.4807 0.0000 0.0737 -0.3631
0.4940 0.0000 0.0728 -0.3546
0.5072 0.0000 0.0718 -0.3461
0.5205 0.0000 0.0708 -0.3376
0.5337 0.0000 0.0697 -0.3291
0.5469 0.0000 0.0685 -0.3206
0.5601 0.0000 0.0673 -0.3121
0.5733 0.0000 0.0660 -0.3035
0.5863 0.0000 0.0647 -0.2950
0.5994 0.0000 0.0634 -0.2864
0.6123 0.0000 0.0620 -0.2778
0.6252 0.0000 0.0606 -0.2691
0.6379 0.0000 0.0592 -0.2604
0.6506 0.0000 0.0577 -0.2517
0.6632 0.0000 0.0562 -0.2429
0.6756 0.0000 0.0546 -0.2341
0.6880 0.0000 0.0530 -0.2252
0.7001 0.0000 0.0515 -0.2162
0.7122 0.0000 0.0498 -0.2072
0.7241 0.0000 0.0482 -0.1981
0.7358 0.0000 0.0466 -0.1889
0.7474 0.0000 0.0449 -0.1797
0.7588 0.0000 0.0433 -0.1703
0.7700 0.0000 0.0416 -0.1609
0.7810 0.0000 0.0399 -0.1513
0.7918 0.0000 0.0383 -0.1416
0.8025 0.0000 0.0366 -0.1318
0.8129 0.0000 0.0349 -0.1219
0.8230 0.0000 0.0333 -0.1118
0.8330 0.0000 0.0316 -0.1016
0.8427 0.0000 0.0300 -0.0912
0.8522 0.0000 0.0284 -0.0807
0.8614 0.0000 0.0268 -0.0700
0.8704 0.0000 0.0252 -0.0591
0.8791 0.0000 0.0237 -0.0480
0.8876 0.0000 0.0221 -0.0367
0.8958 0.0000 0.0207 -0.0252
0.9037 0.0000 0.0192 -0.0135
0.9113 0.0000 0.0178 -0.0015
0.9187 0.0000 0.0164 0.0107
0.9257 0.0000 0.0150 0.0233
0.9325 0.0000 0.0137 0.0361
0.9389 0.0000 0.0125 0.0492
0.9451 0.0000 0.0113 0.0627
0.9509 0.0000 0.0101 0.0765
0.9564 0.0000 0.0090 0.0908
0.9616 0.0000 0.0080 0.1056
0.9665 0.0000 0.0070 0.1208
0.9711 0.0000 0.0060 0.1367
0.9753 0.0000 0.0052 0.1532
0.9793 0.0000 0.0044 0.1705
0.9828 0.0000 0.0036 0.1887
0.9861 0.0000 0.0029 0.2080
0.9890 0.0000 0.0023 0.2286
0.9916 0.0000 0.0018 0.2509
0.9938 0.0000 0.0013 0.2754
0.9957 0.0000 0.0009 0.3027
0.9972 0.0000 0.0006 0.3340
0.9984 0.0000 0.0003 0.3714
0.9993 0.0000 0.0001 0.4189
0.9998 0.0000 0.0000 0.4856
1.0000 0.0000 -0.0000 0.5252
