33 33
1 0.990393 0.96194 0.915735 0.853553 0.777785 0.691342 0.597545 0.5 0.402455 0.308658 0.222215 0.146447 0.0842652 0.0380602 0.00960736 0 0.00960736 0.0380602 0.0842652 0.146447 0.222215 0.308658 0.402455 0.5 0.597545 0.691342 0.777785 0.853553 0.915735 0.96194 0.990393 1 
1.01025 0.99993 0.970897 0.924265 0.861634 0.785069 0.697174 0.601144 0.500678 0.399761 0.30239 0.212357 0.133134 0.0678361 0.0191872 -0.0105687 -0.0198705 -0.0089636 0.0210085 0.0690935 0.133626 0.212209 0.301834 0.399018 0.499964 0.600727 0.697376 0.786149 0.863601 0.926748 0.973208 1.00132 1.01025 
1.03997 1.02898 0.998391 0.949338 0.883406 0.802665 0.709765 0.607999 0.501234 0.393688 0.289647 0.193228 0.108243 0.0381482 -0.0140322 -0.0458702 -0.0559198 -0.0442659 -0.0119681 0.0396652 0.108777 0.192807 0.288542 0.392252 0.499861 0.60713 0.709846 0.803992 0.885922 0.952517 1.00134 1.03075 1.03997 
1.08943 1.07757 1.04433 0.990912 0.919025 0.830935 0.729539 0.618409 0.501712 0.384006 0.269972 0.16417 0.0708685 -0.00606815 -0.0633142 -0.0983093 -0.109597 -0.0970645 -0.0616394 -0.00487118 0.0710671 0.1633 0.268277 0.381902 0.4997 0.617025 0.729265 0.832039 0.921393 0.993975 1.04719 1.07929 1.08943 
1.15991 1.14684 1.10975 1.04995 0.969406 0.870704 0.757149 0.632752 0.502145 0.370378 0.242667 0.124138 0.0196181 -0.0665437 -0.130667 -0.169985 -0.18291 -0.169161 -0.129595 -0.0659529 0.0192361 0.122669 0.240327 0.367602 0.499486 0.630786 0.756353 0.871312 0.971274 1.05253 1.11219 1.14832 1.15991 
1.25355 1.23885 1.19657 1.12823 1.0361 0.923242 0.79351 0.651524 0.502558 0.352336 0.206773 0.0717059 -0.0473632 -0.145498 -0.218565 -0.263491 -0.278473 -0.263079 -0.218151 -0.145638 -0.0484695 0.0695276 0.203727 0.348861 0.499221 0.648907 0.792073 0.923191 1.03729 1.13014 1.19848 1.24002 1.25355 
1.37339 1.35655 1.30759 1.22827 1.12128 0.990283 0.839841 0.675365 0.502972 0.329262 0.161042 0.00503111 -0.132444 -0.245727 -0.330113 -0.382105 -0.399622 -0.382081 -0.330356 -0.246649 -0.134356 0.00206181 0.157228 0.325038 0.498905 0.672025 0.837667 0.989466 1.12168 1.22944 1.30891 1.3574 1.37339 
1.52342 1.50386 1.4465 1.35339 1.22779 1.07408 0.897706 0.705087 0.503403 0.300363 0.103893 -0.0782037 -0.238589 -0.370724 -0.469183 -0.529935 -0.550545 -0.530276 -0.47007 -0.372447 -0.241359 -0.0820312 0.099241 0.295326 0.498536 0.700944 0.894711 1.07241 1.22735 1.3538 1.44721 1.50438 1.52342 
1.70871 1.68575 1.61797 1.50782 1.35922 1.17746 0.96907 0.741701 0.503865 0.264648 0.0333556 -0.180875 -0.36947 -0.524807 -0.640575 -0.712073 -0.736439 -0.712763 -0.642093 -0.527342 -0.373139 -0.185624 0.0277897 0.258713 0.49811 0.736666 0.965167 1.17488 1.35789 1.50743 1.61807 1.68593 1.70871 
1.93554 1.90838 1.82782 1.69681 1.52005 1.30394 1.05636 0.786453 0.504369 0.220886 -0.0529997 -0.30652 -0.529596 -0.713284 -0.850184 -0.934779 -0.963689 -0.93581 -0.852329 -0.716647 -0.534208 -0.312261 -0.0595662 0.213956 0.497623 0.780423 1.05146 1.30037 1.51778 1.6956 1.82732 1.90823 1.93554 
2.21168 2.17937 2.08323 1.92679 1.71576 1.45785 1.16256 0.840868 0.504926 0.167568 -0.158145 -0.459464 -0.724478 -0.942637 -1.10522 -1.20571 -1.2401 -1.20708 -1.10799 -0.946854 -0.730085 -0.466275 -0.165812 0.15953 0.49707 0.83373 1.15655 1.45321 1.7125 1.92473 2.0821 2.17889 2.21168 
2.54656 2.50799 2.39294 2.20566 1.95306 1.64445 1.29129 0.906805 0.505545 0.102855 -0.285704 -0.644974 -0.960825 -1.22076 -1.41444 -1.53417 -1.57518 -1.53588 -1.41787 -1.22587 -0.967491 -0.652945 -0.294585 0.093579 0.496446 0.898427 1.28406 1.63864 1.94873 2.2027 2.39115 2.50717 2.54656 
2.95171 2.90552 2.76756 2.54296 2.24007 1.87013 1.44697 0.986516 0.506236 0.0245086 -0.440075 -0.869442 -1.24678 -1.55722 -1.7885 -1.93146 -1.98045 -1.93353 -1.79261 -1.56327 -1.25458 -0.878679 -0.450298 0.0138512 0.495743 0.976753 1.4384 1.86305 2.23459 2.53906 2.7651 2.90434 2.95171 
3.44104 3.38564 3.22 2.95031 2.58666 2.14264 1.63494 1.08273 0.507007 -0.0701839 -0.626588 -1.14061 -1.59219 -1.96362 -2.24029 -2.41128 -2.46986 -2.41373 -2.24511 -1.97068 -1.60123 -1.15124 -0.638297 -0.0823815 0.494955 1.07142 1.62488 2.13417 2.57995 2.9454 3.21681 3.38408 3.44104 
4.03144 3.96489 3.76582 3.44173 3.00477 2.47137 1.86167 1.19875 0.507865 -0.184507 -0.851695 -1.46786 -2.009 -2.454 -2.78539 -2.99018 -3.0603 -2.99302 -2.79098 -2.46214 -2.01937 -1.48 -0.865047 -0.198417 0.494077 1.18572 1.84995 2.46137 2.99672 3.43573 3.76187 3.96293 4.03144 
4.74328 4.66327 4.42388 4.03417 3.50881 2.86765 2.13495 1.33855 0.508817 -0.322432 -1.12319 -1.86249 -2.51162 -3.04529 -3.44265 -3.68815 -3.77216 -3.69141 -3.44906 -3.0546 -2.52344 -1.8763 -1.13835 -0.338239 0.493103 1.32362 2.12142 2.85598 3.49931 4.02699 4.4191 4.66088 4.74328 
5.6012 5.50493 5.21693 4.74811 4.11622 3.34517 2.46423 1.50694 0.509867 -0.48876 -1.4505 -2.3382 -3.11746 -3.75798 -4.23482 -4.52935 -4.63008 -4.53307 -4.24211 -3.76855 -3.13085 -2.35382 -1.46765 -0.506655 0.492029 1.48992 2.44871 3.33167 4.10513 4.73967 5.21126 5.50209 5.6012 
6.63493 6.51903 6.17243 5.60829 4.848 3.92043 2.86088 1.70973 0.511016 -0.689287 -1.84499 -2.9115 -3.84754 -4.61679 -5.18935 -5.54294 -5.66378 -5.54715 -5.19759 -4.62871 -3.86263 -2.9291 -1.86431 -0.709466 0.490854 1.69043 2.84318 3.90495 4.8352 5.59848 6.16581 6.5157 6.63493 
7.88033 7.74076 7.32354 6.64452 5.72953 4.61338 3.33862 1.95391 0.512263 -0.931016 -2.3204 -3.60232 -4.72723 -5.65154 -6.33941 -6.76412 -6.90914 -6.76884 -6.34866 -5.66491 -4.74414 -3.62205 -2.34207 -0.953671 0.489579 1.93213 3.31856 4.59576 5.71488 6.63325 7.3159 7.73691 7.88033 
9.38073 9.21261 8.71026 7.89281 6.79142 5.44807 3.91402 2.24793 0.5136 -1.2224 -2.89331 -4.43473 -5.78715 -6.89825 -7.725 -8.23534 -8.40947 -8.24061 -7.73531 -6.91316 -5.80601 -4.45673 -2.91748 -1.24771 0.488213 2.22348 3.89145 5.42816 6.77482 7.87999 8.70154 9.2082 9.38073 
11.1884 10.9858 10.3809 9.39662 8.07063 6.45352 4.60708 2.60196 0.515013 -1.57365 -3.58372 -5.43777 -7.06426 -8.40036 -9.3944 -10.0079 -10.217 -10.0137 -9.40583 -8.4169 -7.08517 -5.46216 -3.61054 -1.60176 0.48677 2.57471 4.58184 6.4312 8.05196 9.38216 10.371 10.9808 11.1884 
13.3664 13.1222 12.3936 11.2084 9.61173 7.66475 5.44189 3.02829 0.516477 -1.9971 -4.41579 -6.64649 -8.60318 -10.2103 -11.4059 -12.1436 -12.3948 -12.15 -11.4185 -10.2285 -8.6262 -6.67335 -4.44535 -2.02811 0.485274 2.99812 5.4139 7.63993 9.59092 11.1922 12.3826 13.1167 13.3664 
15.9908 15.6965 14.8189 13.3913 11.4685 9.12401 6.44756 3.54172 0.517952 -2.50762 -5.41869 -8.10321 -10.4577 -12.3915 -13.8298 -14.7171 -15.0191 -14.7241 -13.8435 -12.4113 -10.4829 -8.13256 -5.45101 -2.54156 0.483763 3.50862 6.41679 9.09669 11.4456 13.3735 14.8067 15.6904 15.9908 
19.1536 18.7988 17.7414 16.0219 13.7059 10.8823 7.65919 4.16012 0.519382 -3.12321 -6.62763 -9.85902 -12.6929 -15.0202 -16.7509 -17.8185 -18.1815 -17.8261 -16.7658 -15.0417 -12.7202 -9.89078 -6.66262 -3.15999 0.482292 4.12417 7.62573 10.8526 13.6809 16.0024 17.7281 18.7921 19.1536 
22.9656 22.5379 21.2638 19.1922 16.4024 13.0012 9.11916 4.90506 0.520684 -3.86558 -8.08511 -11.9756 -15.3873 -18.1887 -20.2719 -21.5566 -21.9931 -21.5647 -20.2878 -18.2117 -15.4163 -12.0096 -8.12254 -3.90495 0.480942 4.8665 9.08322 12.9692 16.3754 19.1712 21.2495 22.5306 22.9656 
27.5609 27.0451 25.5097 23.0136 19.6524 15.555 10.8786 5.80255 0.521747 -4.76095 -9.84249 -14.5274 -18.6355 -22.0084 -24.5164 -26.0627 -26.5877 -26.0712 -24.5331 -22.0326 -18.6661 -14.5632 -9.88193 -4.80246 0.479822 5.76184 10.8406 15.5212 19.6239 22.9913 25.4945 27.0374 27.5609 
33.1012 32.479 30.6285 27.6205 23.5704 18.6335 12.9993 6.88399 0.522413 -5.84104 -11.9618 -17.6045 -22.552 -26.6139 -29.6338 -31.4954 -32.127 -31.5042 -29.651 -26.6388 -22.5835 -17.6414 -12.0025 -5.88391 0.479083 6.84188 12.96 18.5984 23.5408 27.5974 30.6127 32.471 33.1012 
39.7817 39.0313 36.8005 33.1752 28.2942 22.3449 15.5558 8.18726 0.522473 -7.14414 -14.5179 -21.3154 -27.275 -32.1675 -35.8046 -38.0463 -38.8062 -38.0551 -35.8219 -32.1925 -27.3067 -21.3524 -14.5588 -7.1872 0.478929 8.14492 15.5162 22.3096 28.2644 33.1519 36.7846 39.0232 39.7817 
47.8386 46.9332 44.2438 39.8737 33.9905 26.8202 18.638 9.75813 0.521646 -8.71655 -17.6014 -25.7914 -32.9714 -38.8655 -43.2467 -45.9466 -46.8611 -45.9551 -43.2634 -38.8896 -33.002 -25.8271 -17.6408 -8.75808 0.479631 9.71725 18.5998 26.7861 33.9617 39.8511 44.2284 46.9253 47.8386 
57.5569 56.4644 53.2215 47.9528 40.8607 32.2174 22.3548 11.6518 0.519556 -10.6142 -21.3216 -31.1911 -39.8431 -46.9449 -52.2235 -55.4757 -56.5764 -55.4834 -52.2385 -46.9667 -39.8706 -31.2233 -21.3573 -10.6518 0.481546 11.6148 22.3202 32.1865 40.8346 47.9324 53.2075 56.4572 57.5569 
69.2812 67.9626 64.0517 57.6989 49.1479 38.7274 26.8375 13.935 0.515714 -12.9048 -25.8108 -37.7061 -48.1335 -56.6922 -63.053 -66.9713 -68.2964 -66.9774 -63.065 -56.7097 -48.1557 -37.732 -25.8394 -12.935 0.485142 13.9053 26.8097 38.7025 49.1269 57.6824 64.0405 67.9568 69.2812 
83.4277 81.8361 77.119 69.4576 59.1462 46.581 32.2448 16.6883 0.509476 -15.6701 -31.2286 -45.5681 -58.1374 -68.4534 -76.1196 -80.8412 -82.4368 -80.8449 -76.1269 -68.464 -58.1508 -45.5837 -31.2459 -15.6883 0.491031 16.6704 32.228 46.566 59.1335 69.4476 77.1122 81.8327 83.4277 
100.5 98.5785 92.888 83.647 71.2107 56.057 38.7683 20.009 0.5 -19.009 -37.7683 -55.057 -70.2107 -82.647 -91.888 -97.5785 -99.5 -97.5785 -91.888 -82.647 -70.2107 -55.057 -37.7683 -19.009 0.5 20.009 38.7683 56.057 71.2107 83.647 92.888 98.5785 100.5 
0 0.000679626 0.00165933 0.000497899 -0.00492126 -0.0148681 -0.0274326 -0.0395488 -0.0486203 -0.053635 -0.0550877 -0.053921 -0.0503871 -0.0437295 -0.0329164 -0.017836 -0 0.00956813 0.0191281 0.0284301 0.0368958 0.0437406 0.0482277 0.0499024 0.0486881 0.0448303 0.0387768 0.0311069 0.0225527 0.0140556 0.00674541 0.00176861 0 
0.000101991 -0.0191472 -0.0376002 -0.0562445 -0.0757025 -0.0955503 -0.114162 -0.129275 -0.138901 -0.141999 -0.138506 -0.128842 -0.113341 -0.0921011 -0.0653889 -0.034352 -0.00188967 0.0275831 0.0547609 0.0797218 0.101612 0.11935 0.131948 0.138717 0.139366 0.134006 0.123102 0.107419 0.0880007 0.0661455 0.043317 0.0209501 0.000101991 
0.000254913 -0.0391701 -0.0771447 -0.113462 -0.147665 -0.178691 -0.204828 -0.22407 -0.23467 -0.235575 -0.226518 -0.207791 -0.179975 -0.14387 -0.100718 -0.0525849 -0.00257253 0.0460612 0.0917655 0.133452 0.169744 0.199172 0.22043 0.232569 0.235108 0.228069 0.211963 0.187745 0.156767 0.120703 0.0814183 0.0407589 0.000254913 
0.000432831 -0.0602666 -0.118772 -0.173797 -0.223938 -0.267486 -0.302439 -0.326753 -0.338719 -0.337271 -0.3221 -0.293573 -0.252611 -0.200654 -0.139754 -0.0727097 -0.00296167 0.0660444 0.131591 0.191448 0.243496 0.28574 0.316476 0.334458 0.339009 0.330082 0.308255 0.274691 0.231074 0.179497 0.122307 0.0618907 0.000432831 
0.000638492 -0.0832766 -0.164155 -0.239659 -0.307461 -0.36515 -0.410291 -0.440627 -0.454357 -0.450388 -0.428452 -0.389106 -0.333677 -0.264231 -0.183579 -0.0952483 -0.00326728 0.0882854 0.175706 0.255708 0.325317 0.381886 0.423219 0.447716 0.454488 0.443417 0.415167 0.371139 0.313389 0.244495 0.167381 0.0851044 0.000638492 
0.0008787 -0.109054 -0.214987 -0.313494 -0.401269 -0.475121 -0.532057 -0.569476 -0.585397 -0.578679 -0.549142 -0.497604 -0.425861 -0.33664 -0.233539 -0.120901 -0.0035591 0.113536 0.22565 0.328431 0.417956 0.490809 0.5442 0.576108 0.585393 0.571862 0.536282 0.480327 0.406485 0.317902 0.218194 0.11122 0.0008787 
0.00116037 -0.138521 -0.273089 -0.397933 -0.508669 -0.601212 -0.671891 -0.717645 -0.736237 -0.726454 -0.688233 -0.622717 -0.532239 -0.420259 -0.291249 -0.150507 -0.00386848 0.14264 0.283132 0.412095 0.524546 0.616172 0.683479 0.723944 0.736127 0.719748 0.675689 0.605949 0.513519 0.402221 0.276492 0.141147 0.00116037 
0.00149005 -0.172711 -0.340499 -0.495926 -0.63339 -0.747765 -0.834569 -0.890164 -0.911982 -0.898711 -0.850431 -0.76867 -0.656385 -0.517875 -0.358622 -0.185051 -0.00421297 0.176579 0.350108 0.509547 0.648701 0.762216 0.845765 0.896223 0.911793 0.892084 0.83812 0.752272 0.638135 0.50033 0.344274 0.175917 0.00149005 
0.00187406 -0.212811 -0.419554 -0.610867 -0.779734 -0.919814 -1.02565 -1.09291 -1.11861 -1.1013 -1.04124 -0.940412 -0.802497 -0.632778 -0.437922 -0.225695 -0.00460435 0.216506 0.428859 0.624106 0.794647 0.933905 1.03657 1.0988 1.11836 1.09473 1.0291 0.924283 0.784584 0.615582 0.423862 0.21672 0.00187406 
0.00231875 -0.260209 -0.512984 -0.746715 -0.952733 -1.12326 -1.25168 -1.33281 -1.36316 -1.34114 -1.26717 -1.14379 -0.97554 -0.768863 -0.531832 -0.273812 -0.00505187 0.263784 0.522074 0.759684 0.967363 1.13709 1.2624 1.33857 1.36287 1.33461 1.25516 1.12785 0.957868 0.751916 0.517977 0.264953 0.00231875 
0.00283059 -0.316543 -0.624008 -0.908146 -1.15833 -1.36508 -1.5204 -1.61808 -1.65402 -1.62642 -1.53594 -1.38574 -1.18141 -0.930765 -0.643546 -0.331037 -0.00556365 0.320034 0.632946 0.920922 1.17276 1.37873 1.53097 1.62375 1.65369 1.61992 1.52401 1.36995 1.16392 0.913998 0.62984 0.322261 0.00283059 
0.0034162 -0.38376 -0.756452 -1.10072 -1.4036 -1.65359 -1.84103 -1.95849 -2.00113 -1.96691 -1.85674 -1.67456 -1.42716 -1.12402 -0.776878 -0.399317 -0.00614729 0.387191 0.765281 1.11335 1.41788 1.66711 1.8515 1.9641 2.00079 1.96043 1.84488 1.65887 1.40979 1.10738 0.763281 0.390603 0.0034162 
0.0040823 -0.464185 -0.914883 -1.33106 -1.69698 -1.9987 -2.22459 -2.36575 -2.41644 -2.3743 -2.2406 -2.02014 -1.7212 -1.35523 -0.936389 -0.480981 -0.00681006 0.467574 0.923632 1.34359 1.71115 2.01212 2.23498 2.3713 2.41607 2.36785 2.22879 2.00453 1.70394 1.3387 0.922874 0.472316 0.0040823 
0.00483547 -0.560603 -1.10477 -1.60711 -2.04858 -2.41231 -2.68429 -2.85387 -2.91421 -2.86262 -2.7007 -2.43436 -2.07364 -1.63236 -1.12755 -0.578823 -0.00755888 0.563962 1.11346 1.61957 2.06266 2.42565 2.69462 2.85939 2.91384 2.85618 2.68893 2.41882 2.05645 1.6159 1.1141 0.570196 0.00483547 
0.00568187 -0.676359 -1.33269 -1.93842 -2.47053 -2.90868 -3.23599 -3.43968 -3.51162 -3.44868 -3.25289 -2.93149 -2.49662 -1.96493 -1.35693 -0.696194 -0.00840007 0.679695 1.34133 1.95082 2.48455 2.92196 3.24627 3.44516 3.51124 3.44225 3.24116 2.916 2.47949 1.94853 1.34353 0.687599 0.00568187 
0.00662676 -0.815473 -1.60652 -2.33644 -2.97744 -3.50498 -3.89875 -4.14342 -4.2293 -4.15271 -3.91624 -3.52868 -3.0047 -2.36439 -1.63242 -0.837123 -0.00933893 0.818792 1.61512 2.34879 2.9914 3.5182 3.90898 4.14887 4.2289 4.14629 3.90454 3.51323 2.98763 2.34805 1.61907 0.828556 0.00662676 
0.00767388 -0.982788 -1.93577 -2.81497 -3.58684 -4.22183 -4.69549 -4.98943 -5.09205 -4.99907 -4.71368 -4.24656 -3.61546 -2.84455 -1.96353 -1.00646 -0.0103791 0.986092 1.94434 2.82727 3.60076 4.23501 4.70569 4.99486 5.09165 4.99266 4.70201 4.23116 3.59843 2.82826 1.95022 0.997916 0.00767388 
0.00882456 -1.18413 -2.33188 -3.39062 -4.3199 -5.08411 -5.65385 -6.00703 -6.12979 -6.01706 -5.67282 -5.11 -4.35002 -3.42201 -2.3617 -1.21002 -0.0115218 1.18743 2.34042 3.40287 4.33376 5.09724 5.664 6.01243 6.12938 6.01067 5.66118 5.09464 4.33305 3.40577 2.34843 1.20151 0.00882456 
0.0100766 -1.42654 -2.80863 -4.0834 -5.20207 -6.12177 -6.8071 -7.23155 -7.37852 -7.24202 -6.82694 -6.14893 -5.23384 -4.11677 -2.8407 -1.45485 -0.0127643 1.42982 2.81714 4.09561 5.21588 6.13484 6.81721 7.23693 7.37811 7.23564 6.81533 6.13362 5.21693 4.10059 2.82748 1.44637 0.0100766 
0.0114226 -1.71849 -3.38266 -4.91744 -6.26407 -7.3709 -8.19536 -8.70558 -8.88167 -8.71652 -8.21614 -7.39945 -6.29763 -4.95295 -3.41714 -1.7494 -0.0140987 1.72176 3.39114 4.9296 6.27783 7.38392 8.20543 8.71093 8.88125 8.71017 8.20458 7.3842 6.28079 4.93684 3.40398 1.74096 0.0114226 
0.0128481 -2.07021 -4.07401 -5.92185 -7.54293 -8.87506 -9.867 -10.4805 -10.6916 -10.4919 -9.88879 -8.90508 -7.57839 -5.95963 -4.11105 -2.10387 -0.0155096 2.07347 4.08245 5.93395 7.55662 8.88802 9.87702 10.4858 10.6912 10.4856 9.87727 8.8899 7.56162 5.94359 4.09795 2.09547 0.0128481 
0.0143288 -2.49405 -4.90688 -7.13173 -9.08333 -10.6868 -11.8804 -12.6181 -12.8714 -12.6301 -11.9032 -10.7183 -9.12074 -7.17184 -4.94655 -2.53055 -0.0169716 2.49728 4.91526 7.14375 9.09693 10.6996 11.8903 12.6234 12.871 12.6238 11.8918 10.7032 9.10408 7.15591 4.93354 2.52221 0.0143288 
0.0158271 -3.0049 -5.91045 -8.58945 -10.9392 -12.8694 -14.3059 -15.1934 -15.4973 -15.2058 -14.3297 -12.9024 -10.9785 -8.63189 -5.95276 -3.04427 -0.018445 3.00811 5.91876 8.60136 10.9526 12.8821 14.3158 15.1986 15.4969 15.1996 14.3184 12.8875 10.962 8.6161 5.93986 3.036 0.0158271 
0.0172878 -3.62077 -7.11997 -10.3461 -13.1755 -15.4994 -17.2285 -18.2963 -18.6613 -18.3092 -17.2533 -15.5339 -13.2167 -10.3908 -7.16481 -3.66289 -0.0198721 3.62393 7.12817 10.3579 13.1888 15.512 17.2383 18.3014 18.6609 18.3031 17.2421 15.5191 13.2004 10.3752 7.15207 3.65472 0.0172878 
0.0186324 -4.36337 -8.57797 -12.4635 -15.8708 -18.6692 -20.7508 -22.0357 -22.4742 -22.0491 -20.7764 -18.7048 -15.9136 -12.5101 -8.62507 -4.40799 -0.0211702 4.36648 8.58604 12.4751 15.8839 18.6815 20.7604 22.0408 22.4738 22.043 20.7654 18.6903 15.8976 12.4948 8.61255 4.39996 0.0186324 
0.0197516 -5.25895 -10.3358 -15.0161 -19.12 -22.49 -24.9966 -26.5432 -27.0701 -26.5568 -25.0227 -22.5266 -19.164 -15.0642 -10.3847 -5.30556 -0.0222242 5.26199 10.3437 15.0274 19.1328 22.5021 25.0059 26.5481 27.0697 26.5509 25.012 22.5124 19.1483 15.0492 10.3725 5.29774 0.0197516 
0.0204962 -6.33923 -12.4556 -18.0939 -23.0375 -27.0967 -30.1153 -31.9772 -32.6106 -31.9909 -30.1416 -27.1335 -23.0819 -18.1426 -12.5054 -6.38701 -0.0228767 6.34216 12.4632 18.1048 23.0498 27.1083 30.1243 31.982 32.6102 31.9852 30.1313 27.1198 23.0669 18.1282 12.4936 6.37947 0.0204962 
0.0206654 -7.64252 -15.0123 -21.8056 -27.7617 -32.6516 -36.2875 -38.5295 -39.2912 -38.543 -36.3134 -32.6878 -27.8055 -21.8538 -15.0617 -7.69022 -0.0229145 7.6453 15.0194 21.8159 27.7733 32.6626 36.296 38.534 39.2908 38.5376 36.3036 32.6749 27.7912 21.8402 15.0506 7.68309 0.0206654 
0.0199918 -9.21513 -18.0963 -26.2826 -33.4595 -39.3512 -43.7314 -46.4315 -47.3476 -46.4443 -43.7559 -39.3856 -33.5011 -26.3286 -18.1436 -9.26091 -0.0220522 9.21767 18.1029 26.292 33.4701 39.3613 43.7391 46.4356 47.3472 46.4393 43.7469 39.3737 33.488 26.3161 18.1334 9.25437 0.0199918 
0.0181228 -11.113 -21.8173 -31.6836 -40.3328 -47.4327 -52.7103 -55.9628 -57.0649 -55.9742 -52.7322 -47.4634 -40.37 -31.7247 -21.8597 -11.1543 -0.0199113 11.1152 21.823 31.6918 40.3421 47.4414 52.7171 55.9664 57.0646 55.9699 52.7244 47.4531 40.3587 31.7139 21.8509 11.1486 0.0181228 
0.0145968 -13.4039 -26.3074 -38.2003 -48.6256 -57.1827 -63.5428 -67.4613 -68.7875 -67.4704 -63.5602 -57.2072 -48.6553 -38.2332 -26.3414 -13.437 -0.0159923 13.4056 26.3119 38.2067 48.6328 57.1896 63.5481 67.4641 68.7873 67.467 63.5541 57.1991 48.6464 38.2247 26.3345 13.4325 0.0145968 
0.00881405 -16.1696 -31.7267 -46.0647 -58.6327 -68.9479 -76.6136 -81.3354 -82.9316 -81.3408 -76.6241 -68.9625 -58.6506 -46.0845 -31.7471 -16.1895 -0.00964021 16.1706 31.7293 46.0685 58.637 68.9519 76.6167 81.337 82.9314 81.3388 76.6204 68.9578 58.6453 46.0794 31.743 16.1869 0.00881405 
0 -19.509 -38.2683 -55.557 -70.7107 -83.147 -92.388 -98.0785 -100 -98.0785 -92.388 -83.147 -70.7107 -55.557 -38.2683 -19.509 -1.22465e-14 19.509 38.2683 55.557 70.7107 83.147 92.388 98.0785 100 98.0785 92.388 83.147 70.7107 55.557 38.2683 19.509 2.44929e-14 
