65 65
1 0.997592 0.990393 0.97847 0.96194 0.940961 0.915735 0.886505 0.853553 0.817197 0.777785 0.735698 0.691342 0.645142 0.597545 0.549009 0.5 0.450991 0.402455 0.354858 0.308658 0.264302 0.222215 0.182803 0.146447 0.113495 0.0842652 0.0590394 0.0380602 0.0215298 0.00960736 0.00240764 0 0.00240764 0.00960736 0.0215298 0.0380602 0.0590394 0.0842652 0.113495 0.146447 0.182803 0.222215 0.264302 0.308658 0.354858 0.402455 0.450991 0.5 0.549009 0.597545 0.645142 0.691342 0.735698 0.777785 0.817197 0.853553 0.886505 0.915735 0.940961 0.96194 0.97847 0.990393 0.997592 1 
1.00267 1.00004 0.992674 0.980632 0.96404 0.943058 0.917878 0.888725 0.855855 0.819553 0.78014 0.73797 0.693432 0.646945 0.598955 0.549932 0.500358 0.450724 0.401519 0.353226 0.306314 0.261235 0.21842 0.178281 0.141202 0.107547 0.0776488 0.0518147 0.0303183 0.0133998 0.00126576 -0.00590598 -0.00797262 -0.00512437 0.00243287 0.0146689 0.0315118 0.0528278 0.0784291 0.10808 0.141502 0.178378 0.218353 0.261042 0.30603 0.352882 0.401141 0.450336 0.499991 0.549622 0.598747 0.646888 0.693579 0.738367 0.780817 0.820518 0.857085 0.890165 0.91944 0.944631 0.965499 0.981855 0.993552 1.0005 1.00267 
1.01025 1.00748 0.99993 0.987696 0.970897 0.949691 0.924265 0.894832 0.861634 0.824944 0.785069 0.742352 0.697174 0.649955 0.601144 0.55122 0.500678 0.450023 0.399761 0.350388 0.30239 0.256231 0.212357 0.171191 0.133134 0.0985641 0.0678361 0.0412777 0.0191872 0.00182947 -0.0105687 -0.0178301 -0.0198705 -0.0168471 -0.0089636 0.00368534 0.0210085 0.0428726 0.0690935 0.0994378 0.133626 0.171337 0.212209 0.25585 0.301834 0.349713 0.399018 0.449266 0.499964 0.550616 0.600727 0.649807 0.697376 0.742972 0.786149 0.826489 0.863601 0.897127 0.926748 0.952186 0.973208 0.989631 1.00132 1.00821 1.01025 
1.02269 1.01979 1.01204 0.999524 0.982363 0.960715 0.934764 0.90472 0.87082 0.833334 0.792567 0.748862 0.702603 0.654212 0.604147 0.552897 0.500968 0.448882 0.397159 0.346315 0.296851 0.249252 0.203983 0.161485 0.12218 0.0864663 0.0547176 0.0272812 0.00447297 -0.0134295 -0.0261972 -0.03367 -0.0357964 -0.0326864 -0.0245084 -0.0113926 0.00653816 0.0291338 0.0562016 0.0875016 0.122748 0.161611 0.20372 0.24867 0.296023 0.345316 0.396065 0.447769 0.49992 0.552005 0.603511 0.653934 0.702779 0.749569 0.793847 0.835184 0.873181 0.907473 0.937739 0.9637 0.985126 1.00184 1.01371 1.02066 1.02269 
1.03997 1.03697 1.02898 1.01607 0.998391 0.976084 0.949338 0.918365 0.883406 0.844736 0.802665 0.757544 0.709765 0.65976 0.607999 0.554983 0.501234 0.447289 0.393688 0.340966 0.289647 0.240238 0.193228 0.149081 0.108243 0.0711342 0.0381482 0.0096498 -0.0140322 -0.0326141 -0.0458702 -0.0536532 -0.0559198 -0.0527449 -0.0442659 -0.0306244 -0.0119681 0.0115315 0.0396652 0.0721798 0.108777 0.149114 0.192807 0.239434 0.288542 0.339649 0.392252 0.445832 0.499861 0.553804 0.60713 0.659315 0.709846 0.758229 0.803992 0.846693 0.885922 0.921306 0.952517 0.979272 1.00134 1.01854 1.03075 1.0379 1.03997 
1.06217 1.05908 1.05078 1.03738 1.01901 0.99583 0.968022 0.93581 0.899443 0.859207 0.815425 0.76846 0.718719 0.66665 0.612739 0.557502 0.50148 0.445231 0.389316 0.334294 0.280714 0.22911 0.179996 0.133867 0.0911928 0.0524165 0.0179536 -0.0118147 -0.0365487 -0.0559601 -0.0698251 -0.0780013 -0.0804423 -0.0771982 -0.0683833 -0.0541409 -0.0346352 -0.0100583 0.0193611 0.0533517 0.0915975 0.133738 0.179372 0.228057 0.27932 0.332658 0.387545 0.443439 0.499787 0.556032 0.61162 0.666003 0.718647 0.769037 0.816684 0.861128 0.901945 0.938751 0.971209 0.999029 1.02197 1.03986 1.05257 1.06001 1.06217 
1.08943 1.08623 1.07757 1.06356 1.04433 1.02005 0.990912 0.957149 0.919025 0.87684 0.830935 0.781693 0.729539 0.674943 0.618409 0.560478 0.501712 0.442692 0.384006 0.32624 0.269972 0.215767 0.16417 0.115704 0.0708685 0.030132 -0.00606815 -0.037334 -0.0633142 -0.0837144 -0.0983093 -0.106955 -0.109597 -0.106267 -0.0970645 -0.0821299 -0.0616394 -0.0358034 -0.00487118 0.0308648 0.0710671 0.115354 0.1633 0.21444 0.268277 0.324282 0.381902 0.440568 0.4997 0.558713 0.617025 0.674062 0.729265 0.782094 0.832039 0.878619 0.921393 0.959962 0.993975 1.02313 1.04719 1.06595 1.07929 1.08713 1.08943 
1.12193 1.1186 1.10951 1.09477 1.0745 1.0489 1.01816 0.982526 0.942288 0.897762 0.849313 0.797347 0.742314 0.684708 0.625061 0.563939 0.501932 0.43965 0.377711 0.316733 0.257327 0.200091 0.145606 0.0944265 0.0470825 0.00407112 -0.0341472 -0.0671558 -0.0945899 -0.116147 -0.131595 -0.140784 -0.143651 -0.140214 -0.130559 -0.114828 -0.0932036 -0.0659143 -0.0332301 0.00453336 0.0470142 0.0938044 0.144452 0.198466 0.255317 0.314447 0.375273 0.437195 0.499599 0.561871 0.623394 0.683566 0.741796 0.797519 0.850195 0.899322 0.944436 0.98512 1.02101 1.05178 1.07718 1.09701 1.11113 1.11945 1.12193 
1.15991 1.15643 1.14684 1.13123 1.10975 1.08258 1.04995 1.01213 0.969406 0.922135 0.870704 0.815549 0.757149 0.696029 0.632752 0.567916 0.502145 0.436081 0.370378 0.30569 0.242667 0.181944 0.124138 0.0698421 0.0196181 -0.0260059 -0.0665437 -0.101558 -0.130667 -0.153556 -0.169985 -0.179794 -0.18291 -0.17934 -0.169161 -0.152515 -0.129595 -0.100644 -0.0659529 -0.0258632 0.0192361 0.0689078 0.122669 0.179996 0.240327 0.303068 0.367602 0.433291 0.499486 0.565534 0.630786 0.6946 0.756353 0.815447 0.871312 0.923418 0.971274 1.01444 1.05253 1.0852 1.11219 1.13328 1.14832 1.15721 1.15991 
1.20367 1.20002 1.18984 1.17322 1.15033 1.12136 1.08655 1.04618 1.00059 0.950151 0.89528 0.836446 0.774167 0.709001 0.641548 0.572445 0.502352 0.431954 0.361943 0.293016 0.225864 0.161165 0.0995769 0.0417317 -0.011771 -0.0603702 -0.103551 -0.140851 -0.17187 -0.196278 -0.213822 -0.224331 -0.22772 -0.223988 -0.213207 -0.195519 -0.171125 -0.140287 -0.103316 -0.0605816 -0.012502 0.0404527 0.097765 0.158874 0.223179 0.290049 0.358823 0.428824 0.49936 0.569738 0.639265 0.707261 0.773063 0.836036 0.895575 0.951114 1.00214 1.04817 1.08881 1.12368 1.15251 1.17507 1.19117 1.20072 1.20367 
1.25355 1.24971 1.23885 1.22108 1.19657 1.16553 1.12823 1.08497 1.0361 0.98204 0.923242 0.860213 0.79351 0.723733 0.651524 0.577564 0.502558 0.427235 0.352336 0.278602 0.206773 0.137573 0.0717059 0.00984702 -0.0473632 -0.0993272 -0.145498 -0.185385 -0.218565 -0.24469 -0.263491 -0.274784 -0.278473 -0.274548 -0.263079 -0.244209 -0.218151 -0.185182 -0.145638 -0.0999169 -0.0484695 0.00819747 0.0695276 0.134919 0.203727 0.275276 0.348861 0.423755 0.499221 0.574518 0.648907 0.72166 0.792073 0.859464 0.923191 0.98265 1.03729 1.0866 1.13014 1.16754 1.19848 1.2227 1.24002 1.25033 1.25355 
1.30997 1.3059 1.29426 1.27519 1.24885 1.21547 1.17534 1.12879 1.07622 1.01806 0.954822 0.887047 0.81534 0.740349 0.662765 0.583317 0.502764 0.421885 0.341473 0.262324 0.185228 0.110963 0.0402816 -0.0260912 -0.087471 -0.143219 -0.192752 -0.235549 -0.271161 -0.299214 -0.319424 -0.331591 -0.335609 -0.331459 -0.319209 -0.299007 -0.271077 -0.235714 -0.19328 -0.144204 -0.0889726 -0.0281324 0.0377168 0.107927 0.181806 0.258626 0.337631 0.418043 0.49907 0.579918 0.659795 0.737923 0.813546 0.885934 0.954399 1.01829 1.07702 1.13005 1.17689 1.21715 1.25046 1.27658 1.29528 1.30643 1.30997 
1.37339 1.36906 1.35655 1.336 1.30759 1.27158 1.22827 1.17802 1.12128 1.05852 0.990283 0.917173 0.839841 0.758989 0.675365 0.589754 0.502972 0.415857 0.329262 0.24404 0.161042 0.0811028 0.00503111 -0.066396 -0.132444 -0.192429 -0.245727 -0.291782 -0.330113 -0.360323 -0.382105 -0.395245 -0.399622 -0.395212 -0.382081 -0.360384 -0.330356 -0.292315 -0.246649 -0.193821 -0.134356 -0.0688463 0.00206181 0.0776682 0.157228 0.239956 0.325038 0.411638 0.498905 0.585984 0.672025 0.75619 0.837667 0.915674 0.989466 1.05835 1.12168 1.17889 1.22944 1.27291 1.30891 1.33715 1.3574 1.3695 1.37339 
1.44435 1.43971 1.42622 1.40401 1.37329 1.33432 1.28745 1.23307 1.17166 1.10375 1.02992 0.950844 0.867219 0.779813 0.689433 0.59693 0.503185 0.409101 0.315598 0.223595 0.134009 0.0477361 -0.0343507 -0.111417 -0.182672 -0.247383 -0.304881 -0.354568 -0.395931 -0.428544 -0.452075 -0.466292 -0.471063 -0.466355 -0.452236 -0.428867 -0.396498 -0.35547 -0.306202 -0.249191 -0.185008 -0.114291 -0.0377412 0.0438856 0.129784 0.219107 0.310976 0.404489 0.498728 0.592771 0.685702 0.776619 0.864645 0.948937 1.02869 1.10316 1.17165 1.23353 1.28825 1.33531 1.37431 1.40492 1.4269 1.44007 1.44435 
1.52342 1.51845 1.50386 1.4798 1.4465 1.40424 1.35339 1.2944 1.22779 1.15413 1.07408 0.988344 0.897706 0.802994 0.705087 0.604905 0.503403 0.401559 0.300363 0.200813 0.103893 0.0105747 -0.0782037 -0.161542 -0.238589 -0.308557 -0.370724 -0.424451 -0.469183 -0.504464 -0.529935 -0.545344 -0.550545 -0.5455 -0.530276 -0.505044 -0.47007 -0.42572 -0.372447 -0.310787 -0.241359 -0.164854 -0.0820312 0.00629113 0.099241 0.195903 0.295326 0.396534 0.498536 0.600336 0.700944 0.799385 0.894711 0.98601 1.07241 1.15311 1.22735 1.29445 1.3538 1.40487 1.44721 1.48047 1.50438 1.51873 1.52342 
1.6113 1.60594 1.59013 1.56401 1.52783 1.4819 1.42664 1.36253 1.29013 1.21009 1.12312 1.02999 0.931561 0.828732 0.72246 0.613748 0.503629 0.393165 0.283429 0.175497 0.0704382 -0.0307011 -0.126905 -0.217203 -0.300677 -0.376476 -0.443823 -0.50203 -0.550499 -0.588736 -0.616354 -0.63308 -0.638752 -0.633326 -0.616871 -0.589567 -0.551702 -0.503667 -0.445951 -0.379136 -0.303892 -0.220967 -0.131186 -0.0354354 0.0653392 0.170146 0.277954 0.387706 0.49833 0.608747 0.717883 0.824684 0.928123 1.02721 1.121 1.20863 1.28926 1.36215 1.42665 1.48218 1.52824 1.56444 1.59047 1.60613 1.6113 
1.70871 1.70292 1.68575 1.65734 1.61797 1.56798 1.50782 1.43803 1.35922 1.27211 1.17746 1.07614 0.96907 0.857243 0.741701 0.623533 0.503865 0.383848 0.264648 0.147432 0.0333556 -0.076446 -0.180875 -0.27888 -0.36947 -0.451725 -0.524807 -0.587972 -0.640575 -0.682081 -0.712073 -0.73025 -0.736439 -0.730586 -0.712763 -0.683163 -0.642093 -0.589977 -0.527342 -0.454821 -0.373139 -0.283109 -0.185624 -0.0816497 0.0277897 0.141616 0.258713 0.377932 0.49811 0.618076 0.736666 0.852734 0.965167 1.07289 1.17488 1.27018 1.35789 1.43722 1.50743 1.5679 1.61807 1.65753 1.68593 1.70303 1.70871 
1.81648 1.81022 1.79153 1.76059 1.71768 1.6632 1.59762 1.52155 1.43565 1.3407 1.23756 1.12718 1.01055 0.88877 0.762971 0.634343 0.504111 0.373528 0.24386 0.116375 -0.00767295 -0.127053 -0.240575 -0.347101 -0.445558 -0.53495 -0.614371 -0.683015 -0.740185 -0.785302 -0.817912 -0.83769 -0.844443 -0.838113 -0.818773 -0.78663 -0.742017 -0.685388 -0.617318 -0.53849 -0.449693 -0.35181 -0.245811 -0.132746 -0.0137275 0.110073 0.237441 0.36713 0.497875 0.628404 0.757453 0.883776 1.00616 1.12344 1.2345 1.33829 1.43385 1.5203 1.59683 1.66275 1.71748 1.76054 1.79155 1.81025 1.81648 
1.93554 1.92875 1.90838 1.87464 1.82782 1.76837 1.69681 1.61379 1.52005 1.41646 1.30394 1.18354 1.05636 0.923581 0.786453 0.646269 0.504369 0.362115 0.220886 0.0820596 -0.0529997 -0.182957 -0.30652 -0.422454 -0.529596 -0.626866 -0.713284 -0.787975 -0.850184 -0.899283 -0.934779 -0.956318 -0.963689 -0.956827 -0.93581 -0.900857 -0.852329 -0.790718 -0.716647 -0.630858 -0.534208 -0.427657 -0.312261 -0.189159 -0.0595662 0.075246 0.213956 0.355207 0.497623 0.639821 0.780423 0.918076 1.05146 1.17929 1.30037 1.41356 1.51778 1.61209 1.6956 1.76756 1.82732 1.87435 1.90823 1.92869 1.93554 
2.0669 2.05951 2.0373 2.00045 1.94933 1.88439 1.80622 1.71554 1.61316 1.50003 1.37717 1.24571 1.10688 0.961974 0.812345 0.659414 0.50464 0.349511 0.195528 0.0441917 -0.103014 -0.244637 -0.379274 -0.505584 -0.622304 -0.728262 -0.822394 -0.903751 -0.971513 -1.025 -1.06367 -1.08715 -1.0952 -1.08775 -1.06488 -1.02682 -0.973974 -0.906869 -0.82618 -0.732715 -0.627406 -0.511298 -0.385539 -0.251372 -0.110117 0.0368395 0.188059 0.342064 0.497355 0.652426 0.805776 0.955929 1.10144 1.24093 1.37307 1.49661 1.6104 1.71338 1.80459 1.8832 1.94851 1.99992 2.03698 2.05937 2.0669 
2.21168 2.20364 2.17937 2.13911 2.08323 2.01224 1.92679 1.82767 1.71576 1.59211 1.45785 1.31422 1.16256 1.00427 0.840868 0.673887 0.504926 0.335607 0.167568 0.00244548 -0.158145 -0.312624 -0.459464 -0.597206 -0.724478 -0.840008 -0.942637 -1.03134 -1.10522 -1.16353 -1.20571 -1.23131 -1.2401 -1.232 -1.20708 -1.1656 -1.10799 -1.03483 -0.946854 -0.844933 -0.730085 -0.603448 -0.466275 -0.319916 -0.165812 -0.00547418 0.15953 0.327589 0.49707 0.666329 0.83373 0.99766 1.15655 1.30888 1.45321 1.58817 1.7125 1.82503 1.92473 2.01068 2.0821 2.13833 2.17889 2.20341 2.21168 
2.37111 2.36234 2.33582 2.2918 2.23068 2.15303 2.05956 1.95113 1.82874 1.69351 1.54669 1.38965 1.22385 1.05084 0.872266 0.689813 0.505227 0.320282 0.136766 -0.0435382 -0.218868 -0.387502 -0.547778 -0.698107 -0.836996 -0.963062 -1.07505 -1.17183 -1.25244 -1.31607 -1.36209 -1.39004 -1.39964 -1.39081 -1.36363 -1.31839 -1.25554 -1.17571 -1.0797 -0.968473 -0.843124 -0.704897 -0.555156 -0.395376 -0.227127 -0.0520559 0.128126 0.311661 0.496767 0.68165 0.864524 1.04363 1.21725 1.38373 1.54148 1.68902 1.82495 1.94802 2.05706 2.15109 2.22923 2.29077 2.33517 2.36203 2.37111 
2.54656 2.537 2.50799 2.45982 2.39294 2.30795 2.20566 2.08699 1.95306 1.80508 1.64445 1.47265 1.29129 1.10208 0.906805 0.707325 0.505545 0.303404 0.102855 -0.0941551 -0.285704 -0.469915 -0.644974 -0.809153 -0.960825 -1.09848 -1.22076 -1.32643 -1.41444 -1.48392 -1.53417 -1.56469 -1.57518 -1.56554 -1.53588 -1.48649 -1.41787 -1.33071 -1.22587 -1.10439 -0.967491 -0.816512 -0.652945 -0.478399 -0.294585 -0.103303 0.093579 0.294145 0.496446 0.698523 0.898427 1.09423 1.28406 1.46611 1.63864 1.80002 1.94873 2.08337 2.2027 2.30561 2.39115 2.45854 2.50717 2.53659 2.54656 
2.73954 2.72909 2.69735 2.64462 2.57139 2.47834 2.36633 2.23641 2.08977 1.92778 1.75195 1.56392 1.36545 1.15842 0.94478 0.726573 0.505881 0.284827 0.0655434 -0.149841 -0.359229 -0.56057 -0.751889 -0.931299 -1.09703 -1.24743 -1.38102 -1.49647 -1.59262 -1.66852 -1.72342 -1.75676 -1.76823 -1.75771 -1.72531 -1.67135 -1.59638 -1.50115 -1.3866 -1.25386 -1.10425 -0.93925 -0.760479 -0.569694 -0.368764 -0.159654 0.0555956 0.274891 0.496104 0.717094 0.935729 1.1499 1.35757 1.55674 1.74552 1.92212 2.08488 2.23227 2.36291 2.47559 2.56927 2.64308 2.69635 2.7286 2.73954 
2.95171 2.94028 2.90552 2.84777 2.76756 2.66564 2.54296 2.40066 2.24007 2.06267 1.87013 1.66425 1.44697 1.22034 0.986516 0.747719 0.506236 0.264388 0.0245086 -0.211076 -0.440075 -0.660249 -0.869442 -1.0656 -1.24678 -1.41119 -1.55722 -1.68341 -1.7885 -1.87146 -1.93146 -1.96791 -1.98045 -1.96895 -1.93353 -1.87456 -1.79261 -1.6885 -1.56327 -1.41815 -1.25458 -1.07416 -0.878679 -0.670043 -0.450298 -0.221591 0.0138512 0.253738 0.495743 0.737525 0.976753 1.21113 1.4384 1.6564 1.86305 2.05639 2.23459 2.39599 2.53906 2.66248 2.7651 2.84596 2.90434 2.93969 2.95171 
3.18487 3.17237 3.1343 3.07103 2.98315 2.87148 2.73707 2.58116 2.40522 2.21089 1.99998 1.77449 1.53654 1.28838 1.03237 0.770944 0.506611 0.241911 -0.0206037 -0.278389 -0.528939 -0.76981 -0.998646 -1.2132 -1.41136 -1.59117 -1.75086 -1.88885 -2.00377 -2.09449 -2.1601 -2.19995 -2.21365 -2.20108 -2.16235 -2.09786 -2.00824 -1.89438 -1.75741 -1.59868 -1.41976 -1.22241 -1.00856 -0.780308 -0.539887 -0.289642 -0.0320105 0.230505 0.49536 0.759994 1.02185 1.27843 1.52724 1.76594 1.99222 2.20396 2.39914 2.57593 2.73267 2.86789 2.98033 3.06895 3.13293 3.17169 3.18487 
3.44104 3.42735 3.38564 3.3163 3.22 3.09762 2.95031 2.77946 2.58666 2.37372 2.14264 1.8956 1.63494 1.36312 1.08273 0.796445 0.507007 0.217199 -0.0701839 -0.35236 -0.626588 -0.890198 -1.14061 -1.37538 -1.59219 -1.78892 -1.96362 -2.11458 -2.24029 -2.33952 -2.41128 -2.45487 -2.46986 -2.4561 -2.41373 -2.34317 -2.24511 -2.12054 -1.97068 -1.79701 -1.60123 -1.38526 -1.15124 -0.901434 -0.638297 -0.364392 -0.0823815 0.204995 0.494955 0.784696 1.07142 1.35238 1.62488 1.8863 2.13417 2.36612 2.57995 2.77365 2.9454 3.09358 3.21681 3.31394 3.38408 3.42658 3.44104 
3.72242 3.70743 3.66171 3.58571 3.48014 3.34599 3.18452 2.99725 2.78594 2.55256 2.29932 2.02862 1.74301 1.4452 1.13803 0.824439 0.507425 0.190038 -0.124661 -0.433628 -0.733865 -1.02245 -1.29657 -1.55354 -1.79084 -2.00614 -2.19733 -2.36252 -2.50008 -2.60866 -2.68718 -2.73487 -2.75127 -2.7362 -2.68982 -2.6126 -2.50528 -2.36894 -2.20492 -2.01482 -1.80052 -1.56412 -1.30793 -1.03446 -0.746375 -0.44648 -0.137692 0.176992 0.494528 0.811846 1.12589 1.43364 1.73214 2.01854 2.2901 2.54425 2.77857 2.99085 3.17908 3.3415 3.47658 3.58306 3.65996 3.70655 3.72242 
4.03144 4.015 3.96489 3.88157 3.76582 3.61875 3.44173 3.23642 3.00477 2.74895 2.47137 2.17468 1.86167 1.53532 1.19875 0.855163 0.507865 0.160191 -0.184507 -0.522896 -0.851695 -1.16771 -1.46786 -1.74921 -2.009 -2.24471 -2.454 -2.63482 -2.78539 -2.90423 -2.99018 -3.04237 -3.0603 -3.0438 -2.99302 -2.90847 -2.79098 -2.64172 -2.46214 -2.25401 -2.01937 -1.76052 -1.48 -1.18053 -0.865047 -0.536611 -0.198417 0.146258 0.494077 0.841682 1.18572 1.52289 1.84995 2.16378 2.46137 2.7399 2.99672 3.22939 3.43573 3.61378 3.76187 3.87862 3.96293 4.01403 4.03144 
4.37075 4.35273 4.29778 4.20642 4.0795 3.91823 3.72413 3.49902 3.24504 2.96457 2.66028 2.33504 1.99194 1.63426 1.26539 0.888881 0.508329 0.127398 -0.250241 -0.620937 -0.981098 -1.32723 -1.65596 -1.96408 -2.24858 -2.50668 -2.73584 -2.93382 -3.09868 -3.22879 -3.32287 -3.38001 -3.39962 -3.38154 -3.32592 -3.23333 -3.10467 -2.94121 -2.74455 -2.51662 -2.25965 -1.97616 -1.66891 -1.3409 -0.995333 -0.635559 -0.265075 0.11253 0.493602 0.874464 1.25144 1.62092 1.97934 2.32328 2.64946 2.95476 3.23628 3.49135 3.71755 3.91277 4.07514 4.20316 4.29562 4.35165 4.37075 
4.74328 4.72353 4.66327 4.56307 4.42388 4.24703 4.03417 3.78732 3.50881 3.20129 2.86765 2.51108 2.13495 1.74286 1.33855 0.925879 0.508817 0.0913722 -0.322432 -0.728598 -1.12319 -1.50239 -1.86249 -2.2 -2.51162 -2.79431 -3.04529 -3.26212 -3.44265 -3.58513 -3.68815 -3.7507 -3.77216 -3.75234 -3.69141 -3.58999 -3.44906 -3.27001 -3.0546 -2.80492 -2.52344 -2.21288 -1.8763 -1.51696 -1.13835 -0.744174 -0.338239 0.0755207 0.493103 0.910478 1.32362 1.72857 2.12142 2.49843 2.85598 3.19067 3.49931 3.77897 4.02699 4.24105 4.4191 4.55949 4.66088 4.72234 4.74328 
5.15226 5.13059 5.06449 4.95459 4.80194 4.60797 4.37452 4.1038 3.79838 3.46114 3.0953 2.70432 2.29193 1.86207 1.41883 0.966473 0.509329 0.0517991 -0.401709 -0.846815 -1.27921 -1.6947 -2.08926 -2.45903 -2.80042 -3.1101 -3.38503 -3.62253 -3.82028 -3.97633 -4.08915 -4.15765 -4.18114 -4.1594 -4.09264 -3.98152 -3.82712 -3.63095 -3.39495 -3.12141 -2.813 -2.47274 -2.10395 -1.7102 -1.29534 -0.86339 -0.418535 0.0349153 0.492579 0.950038 1.40289 1.84677 2.27743 2.69073 3.08273 3.44968 3.78809 4.09474 4.36672 4.60145 4.79672 4.95068 5.06188 5.12929 5.15226 
5.6012 5.57743 5.50493 5.38438 5.21693 5.00417 4.74811 4.45119 4.11622 3.74637 3.34517 2.91643 2.46423 1.9929 1.50694 1.01101 0.509867 0.00833264 -0.48876 -0.976611 -1.4505 -1.90584 -2.3382 -2.74339 -3.11746 -3.45676 -3.75798 -4.01818 -4.23482 -4.40576 -4.52935 -4.60437 -4.63008 -4.60624 -4.53307 -4.4113 -4.24211 -4.02716 -3.76855 -3.4688 -3.13085 -2.75798 -2.35382 -1.92232 -1.46765 -0.994233 -0.506655 -0.00963316 0.492029 0.993492 1.48992 1.97655 2.44871 2.90186 3.33167 3.73404 4.10513 4.4414 4.73967 4.99711 5.21126 5.38012 5.50209 5.57601 5.6012 
6.094 6.06792 5.98838 5.85613 5.67245 5.43906 5.15819 4.8325 4.46509 4.05944 3.61942 3.14923 2.65333 2.13649 1.60363 1.05987 0.510429 -0.0394075 -0.584342 -1.11911 -1.63855 -2.13763 -2.6115 -3.05556 -3.4655 -3.83731 -4.16739 -4.4525 -4.68986 -4.87716 -5.01255 -5.09473 -5.12287 -5.09672 -5.01651 -4.88304 -4.69762 -4.46204 -4.17862 -3.85011 -3.47972 -3.07105 -2.62808 -2.15512 -1.65676 -1.13783 -0.603354 -0.0585054 0.491454 1.04122 1.58549 2.11904 2.63674 3.13363 3.60495 4.0462 4.45316 4.82195 5.14908 5.43142 5.66631 5.85152 5.9853 6.06638 6.094 
6.63493 6.6063 6.51903 6.37394 6.17243 5.9164 5.60829 5.25102 4.848 4.40306 3.92043 3.40473 2.86088 2.29407 1.70973 1.11347 0.511016 -0.0918395 -0.689287 -1.27556 -1.84499 -2.39208 -2.9115 -3.39823 -3.84754 -4.25505 -4.61679 -4.92924 -5.18935 -5.39459 -5.54294 -5.63297 -5.66378 -5.63508 -5.54715 -5.40084 -5.19759 -4.93937 -4.62871 -4.26862 -3.86263 -3.41467 -2.9291 -2.41063 -1.86431 -1.29542 -0.709466 -0.112119 0.490854 1.09364 1.69043 2.27548 2.84318 3.38807 3.90495 4.38886 4.8352 5.23968 5.59848 5.90817 6.16581 6.36896 6.5157 6.60463 6.63493 
7.22865 7.19723 7.10147 6.94229 6.72121 6.44032 6.1023 5.71037 5.26826 4.78019 4.2508 3.68515 3.08865 2.467 1.82616 1.17227 0.511628 -0.149423 -0.80451 -1.44731 -2.07162 -2.6714 -3.24083 -3.77439 -4.2669 -4.71358 -5.11008 -5.45254 -5.73762 -5.96254 -6.12511 -6.22375 -6.25749 -6.22599 -6.12957 -5.96917 -5.74635 -5.46328 -5.12271 -4.72797 -4.28289 -3.7918 -3.25946 -2.69106 -2.09209 -1.46836 -0.825904 -0.170934 0.490229 1.15121 1.80564 2.44722 3.06979 3.66738 4.23427 4.76501 5.25456 5.69822 6.09178 6.43147 6.71409 6.93693 7.09789 7.19544 7.22865 
7.88033 7.84584 7.74076 7.56611 7.32354 7.01536 6.64452 6.21454 5.72953 5.1941 4.61338 3.99291 3.33862 2.65677 1.95391 1.23678 0.512263 -0.212663 -0.931016 -1.63587 -2.3204 -2.97801 -3.60232 -4.18729 -4.72723 -5.2169 -5.65154 -6.02693 -6.33941 -6.58594 -6.76412 -6.8722 -6.90914 -6.87458 -6.76884 -6.59296 -6.34866 -6.0383 -5.66491 -5.23212 -4.74414 -4.20571 -3.62205 -2.99882 -2.34207 -1.65814 -0.953671 -0.235452 0.489579 1.21443 1.93213 2.63576 3.31856 3.97399 4.59576 5.17791 5.71488 6.20154 6.63325 7.00588 7.3159 7.56035 7.73691 7.84391 7.88033 
8.59562 8.55776 8.44245 8.2508 7.98464 7.64651 7.23963 6.76789 6.23578 5.64839 5.01132 4.33067 3.61295 2.86504 2.0941 1.30754 0.512921 -0.282115 -1.06991 -1.84286 -2.59351 -3.31459 -3.99914 -4.64052 -5.23251 -5.76937 -6.24588 -6.65741 -6.99996 -7.2702 -7.4655 -7.58395 -7.6244 -7.58646 -7.47049 -7.27762 -7.00973 -6.66942 -6.26001 -5.78546 -5.25039 -4.65999 -4.01998 -3.33658 -2.6164 -1.86642 -1.09387 -0.306228 0.488907 1.28387 2.07101 2.84274 3.59166 4.31057 4.99257 5.63115 6.22017 6.75402 7.2276 7.63638 7.97647 8.24463 8.43832 8.55569 8.59562 
9.38073 9.33916 9.21261 9.00231 8.71026 8.33924 7.89281 7.37523 6.79142 6.14699 5.44807 4.70137 3.91402 3.09359 2.24793 1.38517 0.5136 -0.35839 -1.2224 -2.0701 -2.89331 -3.68407 -4.43473 -5.13803 -5.78715 -6.37579 -6.89825 -7.34945 -7.725 -8.02126 -8.23534 -8.36517 -8.40947 -8.36782 -8.24061 -8.02909 -7.73531 -7.36213 -6.91316 -6.39277 -5.80601 -5.15857 -4.45673 -3.70728 -2.91748 -2.09497 -1.24771 -0.383869 0.488213 1.36013 2.22348 3.06997 3.89145 4.68003 5.42816 6.12866 6.77482 7.36046 7.87999 8.32844 8.70154 8.99573 9.2082 9.33695 9.38073 
10.2425 10.1968 10.0579 9.82717 9.50669 9.09958 8.60973 8.04182 7.40127 6.69422 5.92741 5.10821 4.24444 3.34441 2.41673 1.47033 0.514299 -0.442158 -1.38983 -2.31957 -3.22242 -4.08966 -4.91288 -5.68414 -6.39596 -7.04145 -7.61433 -8.10906 -8.52084 -8.84565 -9.08035 -9.22266 -9.27118 -9.22545 -9.08591 -8.85391 -8.53171 -8.12243 -7.63005 -7.05934 -6.41584 -5.70579 -4.93606 -4.11412 -3.2479 -2.3458 -1.41652 -0.469041 0.4875 1.44388 2.3909 3.31943 4.22055 5.08562 5.90631 6.67478 7.38364 8.02613 8.5961 9.08809 9.49741 9.82016 10.0533 10.1945 10.2425 
11.1884 11.1382 10.9858 10.7325 10.3809 9.93413 9.39662 8.77347 8.07063 7.29484 6.45352 5.55473 4.60708 3.61966 2.60196 1.56375 0.515013 -0.534157 -1.57365 -2.59345 -3.58372 -4.53489 -5.43777 -6.28362 -7.06426 -7.77213 -8.40036 -8.94288 -9.3944 -9.75055 -10.0079 -10.1639 -10.217 -10.1668 -10.0137 -9.75924 -9.40583 -8.95694 -8.4169 -7.79095 -7.08517 -6.30639 -5.46216 -4.56063 -3.61054 -2.62106 -1.60176 -0.562478 0.48677 1.53587 2.57471 3.5933 4.58184 5.53085 6.4312 7.27426 8.05196 8.75684 9.38216 9.92194 10.371 10.7251 10.9808 11.1357 11.1884 
12.2267 12.1716 12.0043 11.7263 11.3404 10.8502 10.2603 9.57653 8.80532 7.95408 7.03095 6.0448 5.00507 3.92175 2.80523 1.66624 0.515741 -0.635197 -1.77549 -2.89414 -3.98036 -5.02366 -6.01396 -6.94169 -7.79786 -8.57421 -9.26319 -9.85814 -10.3533 -10.7438 -11.026 -11.197 -11.2552 -11.2001 -11.0321 -10.753 -10.3653 -9.87291 -9.28055 -8.59398 -7.81983 -6.96561 -6.03958 -5.0507 -4.00853 -2.92315 -1.80504 -0.664981 0.486026 1.63689 2.77653 3.89397 4.97847 6.01961 7.0074 7.93234 8.78558 9.55895 10.245 10.8372 11.33 11.7185 11.999 12.169 12.2267 
13.3664 13.3059 13.1222 12.8172 12.3936 11.8556 11.2084 10.458 9.61173 8.67766 7.66475 6.58269 5.44189 4.25328 3.02829 1.77868 0.516477 -0.74617 -1.9971 -3.22425 -4.41579 -5.56022 -6.64649 -7.66408 -8.60318 -9.45467 -10.2103 -10.8628 -11.4059 -11.8342 -12.1436 -12.3311 -12.3948 -12.3343 -12.15 -11.8437 -11.4185 -10.8783 -10.2285 -9.4754 -8.6262 -7.68916 -6.67335 -5.58858 -4.44535 -3.25469 -2.02811 -0.777435 0.485274 1.74785 2.99812 4.22407 5.4139 6.55618 7.63993 8.65476 9.59092 10.4395 11.1922 11.842 12.3826 12.8089 13.1167 13.3031 13.3664 
14.6174 14.551 14.3494 14.0146 13.5498 12.9593 12.249 11.4256 10.4969 9.4719 8.36041 7.17309 5.92133 4.61715 3.27308 1.90204 0.517216 -0.868054 -2.24043 -3.58669 -4.89385 -6.14928 -7.34088 -8.45712 -9.48723 -10.4212 -11.2501 -11.9658 -12.5613 -13.0311 -13.3703 -13.5759 -13.6458 -13.5793 -13.3771 -13.0411 -12.5745 -11.9819 -11.2691 -10.4429 -9.51132 -8.48336 -7.36899 -6.17896 -4.92478 -3.61856 -2.27291 -0.900807 0.484517 1.86971 3.24144 4.5865 5.89195 7.14524 8.33434 9.44782 10.475 11.406 12.232 12.945 13.5382 14.0058 14.3435 14.5481 14.6174 
15.9908 15.9178 15.6965 15.329 14.8189 14.1709 13.3913 12.4876 11.4685 10.3437 9.12401 7.82112 6.44756 5.01651 3.54172 2.03738 0.517952 -1.00193 -2.50762 -3.98463 -5.41869 -6.79599 -8.10321 -9.32774 -10.4577 -11.4823 -12.3915 -13.1765 -13.8298 -14.3449 -14.7171 -14.9425 -15.0191 -14.946 -14.7241 -14.3554 -13.8435 -13.1934 -12.4113 -11.5049 -10.4829 -9.35513 -8.13256 -6.82698 -5.45101 -4.01793 -2.54156 -1.03616 0.483763 2.00357 3.50862 4.98443 6.41679 7.79195 9.09669 10.3185 11.4456 12.4672 13.3735 14.1558 14.8067 15.3198 15.6904 15.9147 15.9908 
17.4985 17.4183 17.1754 16.772 16.212 15.5009 14.6453 13.6535 12.5351 11.3007 9.96221 8.53245 7.02517 5.45483 3.83655 2.18587 0.518677 -1.14897 -2.80102 -4.42155 -5.99494 -7.50599 -8.94015 -10.2835 -11.5232 -12.6472 -13.6445 -14.5057 -15.2222 -15.7873 -16.1955 -16.4427 -16.5266 -16.4463 -16.2028 -15.7982 -15.2366 -14.5233 -13.6652 -12.6707 -11.5494 -10.3121 -8.97072 -7.53829 -6.02861 -4.45626 -2.8364 -1.18467 0.483018 2.1506 3.802 5.42134 6.99304 8.50197 9.93365 11.2743 12.5111 13.6321 14.6266 15.4851 16.1993 16.7623 17.1689 17.4151 17.4985 
19.1536 19.0655 18.7988 18.3561 17.7414 16.9609 16.0219 14.9334 13.7059 12.3512 10.8823 9.31328 7.65919 5.93595 4.16012 2.34879 0.519382 -1.31049 -3.12321 -4.9013 -6.62763 -8.28553 -9.85902 -11.3329 -12.6929 -13.926 -15.0202 -15.9649 -16.7509 -17.3708 -17.8185 -18.0896 -18.1815 -18.0934 -17.8261 -17.3821 -16.7658 -15.9831 -15.0417 -13.9505 -12.7202 -11.3625 -9.89078 -8.31908 -6.66262 -4.93737 -3.15999 -1.34761 0.482292 2.31209 4.12417 5.90108 7.62573 9.28152 10.8526 12.3237 13.6809 14.911 16.0024 16.9444 17.7281 18.346 18.7921 19.0621 19.1536 
20.9707 20.8739 20.5812 20.0951 19.4205 18.5637 17.5331 16.3385 14.9913 13.5045 11.8924 10.1704 8.35516 6.46405 4.51527 2.52756 0.520055 -1.48792 -3.47702 -5.42809 -7.32232 -9.14143 -10.8679 -12.485 -13.9772 -15.3301 -16.5305 -17.5669 -18.4293 -19.1093 -19.6003 -19.8976 -19.9984 -19.9016 -19.6082 -19.121 -18.4447 -17.5858 -16.5527 -15.3554 -14.0054 -12.5157 -10.9008 -9.17619 -7.35857 -5.46547 -3.51514 -1.5264 0.481596 2.4895 4.47797 6.42786 8.32042 10.1374 11.8615 13.4759 14.9652 16.3152 17.5128 18.5466 19.4066 20.0846 20.5741 20.8704 20.9707 
22.9656 22.8594 22.5379 22.0044 21.2638 20.3234 19.1922 17.881 16.4024 14.7706 13.0012 11.1114 9.11916 7.04374 4.90506 2.72372 0.520684 -1.68282 -3.86558 -6.00655 -8.08511 -10.0812 -11.9756 -13.75 -15.3873 -16.8716 -18.1887 -19.3258 -20.2719 -21.0179 -21.5566 -21.8827 -21.9931 -21.8868 -21.5647 -21.03 -20.2878 -19.3453 -18.2117 -16.8978 -15.4163 -13.7817 -12.0096 -10.1171 -8.12254 -6.04515 -3.90495 -1.72258 0.480942 2.68437 4.8665 7.00631 9.08322 11.0773 12.9692 14.7409 16.3754 17.8569 19.1712 20.3057 21.2495 21.9935 22.5306 22.8557 22.9656 
25.156 25.0392 24.6863 24.1006 23.2877 22.2554 21.0137 19.5745 17.9516 16.1605 14.2186 12.1444 9.95786 7.68008 5.33292 2.93896 0.521254 -1.89693 -4.2923 -6.64177 -8.92271 -11.1131 -13.1919 -15.1389 -16.9355 -18.5642 -20.0094 -21.257 -22.295 -23.1135 -23.7044 -24.0621 -24.1832 -24.0663 -23.7128 -23.1259 -22.3114 -21.2771 -20.033 -18.5911 -16.9654 -15.1715 -13.2268 -11.15 -8.96122 -6.68148 -4.33281 -1.93784 0.480345 2.89846 5.2932 7.64153 9.92084 12.1092 14.1856 16.13 17.9237 19.5496 20.992 22.2371 23.2728 24.0893 24.6787 25.0354 25.156 
27.5609 27.4326 27.0451 26.4021 25.5097 24.3766 23.0136 21.4338 19.6524 17.6865 15.555 13.2784 10.8786 8.37863 5.80255 3.17516 0.521747 -2.13215 -4.76095 -7.33935 -9.84249 -12.2462 -14.5274 -16.664 -18.6355 -20.4227 -22.0084 -23.3774 -24.5164 -25.4144 -26.0627 -26.4551 -26.5877 -26.4594 -26.0712 -25.4271 -24.5331 -23.398 -22.0326 -20.4502 -18.6661 -16.6974 -14.5632 -12.284 -9.88193 -7.38003 -4.80246 -2.17407 0.479822 3.13364 5.76184 8.3391 10.8406 13.2424 15.5212 17.6552 19.6239 21.4083 22.9913 24.3578 25.4945 26.3905 27.0374 27.4287 27.5609 
30.2016 30.0606 29.6351 28.9292 27.9495 26.7056 25.2094 23.4753 21.5199 19.362 17.0224 14.5235 11.8895 9.14551 6.31808 3.43437 0.522141 -2.39056 -5.27568 -8.10544 -10.8526 -13.4905 -15.994 -18.3387 -20.5022 -22.4634 -24.2035 -25.7057 -26.9555 -27.9408 -28.6521 -29.0826 -29.228 -29.0869 -28.6608 -27.9537 -26.9725 -25.7267 -24.2281 -22.4914 -20.5333 -18.3727 -16.0304 -13.5291 -10.8927 -8.14689 -5.31799 -2.4333 0.479393 3.39202 6.27654 9.10518 11.8507 14.4867 16.9878 19.33 21.4907 23.4492 25.1867 26.6864 27.9339 28.9174 29.6272 30.0566 30.2016 
33.1012 32.9463 32.479 31.704 30.6285 29.263 27.6205 25.7169 23.5704 21.2017 18.6335 15.8906 12.9993 9.98743 6.88399 3.71883 0.522413 -2.67447 -5.84104 -8.94679 -11.9618 -14.857 -17.6045 -20.1777 -22.552 -24.7043 -26.6139 -28.2624 -29.6338 -30.715 -31.4954 -31.9676 -32.127 -31.9721 -31.5042 -30.7281 -29.651 -28.2836 -26.6388 -24.7327 -22.5835 -20.2121 -17.6414 -14.896 -12.0025 -8.98879 -5.88391 -2.71779 0.479083 3.6759 6.84188 9.94653 12.96 15.8532 18.5984 21.1692 23.5408 25.6904 27.5974 29.2434 30.6127 31.692 32.471 32.9422 33.1012 
36.2852 36.115 35.6019 34.7509 33.5702 32.0711 30.268 28.1782 25.8219 23.2216 20.4025 17.3916 14.2178 10.9118 7.50524 4.03101 0.522535 -2.98641 -6.46203 -9.87084 -13.18 -16.3576 -19.3731 -22.1973 -24.803 -27.1651 -29.2608 -31.0699 -32.5749 -33.7613 -34.6177 -35.1357 -35.3104 -35.1402 -34.6265 -33.7745 -32.5922 -31.0912 -29.2858 -27.1936 -24.8347 -22.2319 -19.4102 -16.3969 -13.221 -9.9131 -6.50517 -3.03 0.478918 3.98779 7.46283 10.8706 14.1782 17.3539 20.3672 23.1889 25.792 28.1515 30.2447 32.0514 33.5542 34.7389 35.5938 36.1109 36.2852 
39.7817 39.5947 39.0313 38.0969 36.8005 35.1547 33.1752 30.881 28.2942 25.4397 22.3449 19.0397 15.5558 11.9266 8.18726 4.37364 0.522473 -3.32915 -7.14414 -10.8858 -14.5179 -18.0057 -21.3154 -24.4151 -27.275 -29.8675 -32.1675 -34.1529 -35.8046 -37.1066 -38.0463 -38.6147 -38.8062 -38.6191 -38.0551 -37.1197 -35.8219 -34.1742 -32.1925 -29.8959 -27.3067 -24.4496 -21.3524 -18.0448 -14.5588 -10.9279 -7.1872 -3.37267 0.478929 4.33049 8.14492 11.8855 15.5162 19.0021 22.3096 25.407 28.2644 30.8543 33.1519 35.135 36.7846 38.0848 39.0232 39.5906 39.7817 
43.6216 43.416 42.7973 41.7713 40.348 38.541 36.3677 33.849 31.0091 27.8754 24.4779 20.8494 17.0248 13.0409 8.93604 4.74969 0.522191 -3.70576 -7.89344 -12.0005 -15.9874 -19.8157 -23.4485 -26.8508 -29.9898 -32.8353 -35.3597 -37.5388 -39.3515 -40.7803 -41.8115 -42.4351 -42.6451 -42.4395 -41.8202 -40.7933 -39.3685 -37.5597 -35.3844 -32.8634 -30.0211 -26.8849 -23.4851 -19.8544 -16.0278 -12.0422 -7.93599 -3.74876 0.479153 4.70704 8.89418 13.0002 16.9857 20.8123 24.443 27.843 30.9796 33.8226 36.3446 38.5215 40.3322 41.7594 42.7893 43.412 43.6216 
47.8386 47.6127 46.9332 45.8066 44.2438 42.2598 39.8737 37.1084 33.9905 30.5501 26.8202 22.8367 18.638 14.2644 9.75813 5.16245 0.521646 -4.11959 -8.71655 -13.225 -17.6014 -21.8037 -25.7914 -29.5259 -32.9714 -36.0947 -38.8655 -41.2572 -43.2467 -44.8149 -45.9466 -46.6308 -46.8611 -46.6351 -45.9551 -44.8275 -43.2634 -41.2777 -38.8896 -36.1221 -33.002 -29.5592 -25.8271 -21.8414 -17.6408 -13.2656 -8.75808 -4.16156 0.479631 5.1208 9.71725 14.2247 18.5998 22.8004 26.7861 30.5185 33.9617 37.0826 39.8511 42.2407 44.2284 45.7949 46.9253 47.6088 47.8386 
52.4701 52.2218 51.4755 50.2384 48.5224 46.3439 43.724 40.6879 37.2648 33.4875 29.3925 25.0191 20.4095 15.6079 10.6607 5.6155 0.520786 -4.57434 -9.6208 -14.57 -19.3743 -23.9873 -28.3646 -32.4641 -36.2462 -39.6745 -42.7159 -45.3411 -47.5248 -49.2459 -50.4879 -51.2388 -51.4912 -51.2429 -50.4961 -49.2581 -47.5408 -45.3608 -42.739 -39.7008 -36.2755 -32.4961 -28.3989 -24.0235 -19.4121 -14.6091 -9.66071 -4.61467 0.48041 5.57548 10.6215 15.5698 20.3727 24.9842 29.3597 33.4571 37.237 40.6631 43.7024 46.3256 48.5075 50.2271 51.4679 52.218 52.4701 
57.5569 57.284 56.4644 55.1058 53.2215 50.8295 47.9528 44.6192 40.8607 36.7134 32.2174 27.4158 22.3548 17.0833 11.6518 6.11281 0.519556 -5.07408 -10.6142 -16.0475 -21.3216 -26.3857 -31.1911 -35.6913 -39.8431 -43.6064 -46.9449 -49.8265 -52.2235 -54.1126 -55.4757 -56.2996 -56.5764 -56.3035 -55.4834 -54.124 -52.2385 -49.845 -46.9667 -43.6312 -39.8706 -35.7214 -31.2233 -26.4199 -21.3573 -16.0843 -10.6518 -5.11205 0.481546 6.07513 11.6148 17.0473 22.3202 27.3829 32.1865 36.6848 40.8346 44.5959 47.9324 50.8122 53.2075 55.0952 56.4572 57.2804 57.5569 
63.1441 62.8442 61.9439 60.4519 58.3827 55.7561 52.5974 48.937 44.8101 40.2565 35.3199 30.0479 24.4912 18.7034 12.7401 6.65871 0.517891 -5.62328 -11.7057 -17.6706 -23.4608 -29.0203 -34.2957 -39.2361 -43.7938 -47.9251 -51.59 -54.7532 -57.3843 -59.4579 -60.954 -61.8582 -62.1617 -61.8617 -60.961 -59.4683 -57.3981 -54.7701 -51.6099 -47.9478 -43.8191 -39.2636 -34.3252 -29.0516 -23.4934 -17.7043 -11.74 -5.65803 0.483099 6.62422 12.7062 18.6704 24.4595 30.0178 35.2916 40.2302 44.7862 48.9156 52.5787 55.7403 58.3699 60.4422 61.9374 62.8409 63.1441 
69.2812 68.9514 67.9626 66.3241 64.0517 61.1674 57.6989 53.6795 49.1479 44.1479 38.7274 32.9387 26.8375 20.4826 13.935 7.25799 0.515714 -6.22686 -12.9048 -19.4538 -25.8108 -31.9145 -37.7061 -43.1299 -48.1335 -52.6689 -56.6922 -60.1647 -63.053 -65.3291 -66.9713 -67.9636 -68.2964 -67.9667 -66.9774 -65.3383 -63.065 -60.1796 -56.7097 -52.6888 -48.1557 -43.1541 -37.732 -31.9419 -25.8394 -19.4834 -12.935 -6.2574 0.485142 7.22768 13.9053 20.4536 26.8097 32.9122 38.7025 44.1248 49.1269 53.6607 57.6824 61.1535 64.0405 66.3155 67.9568 68.9486 69.2812 
76.0224 75.66 74.5738 72.7743 70.2788 67.1113 63.3024 58.8886 53.9126 48.4221 42.47 36.1138 29.4144 22.4365 15.2473 7.91588 0.512942 -6.89024 -14.2224 -21.4128 -28.3924 -35.0938 -41.4525 -47.4072 -52.9006 -57.8798 -62.2968 -66.109 -69.2797 -71.7783 -73.5808 -74.6698 -75.0349 -74.6724 -73.5859 -71.7859 -69.2896 -66.1212 -62.3112 -57.8962 -52.9189 -47.4271 -41.4738 -35.1164 -28.416 -21.4372 -14.2473 -6.9154 0.487756 7.8909 15.2227 22.4127 29.3915 36.0919 42.4495 48.4031 53.8952 58.8731 63.2888 67.0998 70.2695 72.7672 74.5691 75.6576 76.0224 
83.4277 83.0293 81.8361 79.8597 77.119 73.6405 69.4576 64.6106 59.1462 53.117 46.581 39.6012 32.2448 24.5825 16.6883 8.63814 0.509476 -7.61937 -15.6701 -23.5652 -31.2286 -38.5865 -45.5681 -52.1061 -58.1374 -63.6041 -68.4534 -72.6387 -76.1196 -78.8626 -80.8412 -82.0365 -82.4368 -82.0383 -80.8449 -78.8681 -76.1269 -72.6477 -68.464 -63.6161 -58.1508 -52.1206 -45.5837 -38.6031 -31.2459 -23.583 -15.6883 -7.63779 0.491031 8.61985 16.6704 24.5651 32.228 39.5852 46.566 53.103 59.1335 64.5992 69.4476 73.6321 77.1122 79.8545 81.8327 83.0276 83.4277 
91.5628 91.1248 89.8141 87.6432 84.6331 80.8128 76.2191 70.8961 64.8952 58.2741 51.0966 43.4318 35.3536 26.9396 18.2709 9.4311 0.505204 -8.42079 -17.2609 -25.93 -34.3447 -42.4238 -50.0895 -57.2681 -63.8904 -69.8926 -75.2168 -79.8119 -83.6335 -86.6448 -88.8169 -90.1287 -90.5678 -90.1298 -88.8189 -86.6478 -83.6375 -79.8168 -75.2226 -69.8992 -63.8977 -57.2761 -50.0981 -42.4329 -34.3542 -25.9398 -17.2709 -8.43091 0.495073 9.42105 18.2611 26.93 35.3443 43.4231 51.0884 58.2665 64.8882 70.8899 76.2136 80.8082 84.6294 87.6404 89.8122 91.1239 91.5628 
100.5 100.018 98.5785 96.194 92.888 88.6921 83.647 77.801 71.2107 63.9393 56.057 47.6397 38.7683 29.5285 20.009 10.3017 0.5 -9.30171 -19.009 -28.5285 -37.7683 -46.6397 -55.057 -62.9393 -70.2107 -76.801 -82.647 -87.6921 -91.888 -95.194 -97.5785 -99.0185 -99.5 -99.0185 -97.5785 -95.194 -91.888 -87.6921 -82.647 -76.801 -70.2107 -62.9393 -55.057 -46.6397 -37.7683 -28.5285 -19.009 -9.30171 0.5 10.3017 20.009 29.5285 38.7683 47.6397 56.057 63.9393 71.2107 77.801 83.647 88.6921 92.888 96.194 98.5785 100.018 100.5 
0 0.000188069 0.000679626 0.00126992 0.00165933 0.00150798 0.000497899 -0.00160808 -0.00492126 -0.00940339 -0.0148681 -0.0210066 -0.0274326 -0.0337381 -0.0395488 -0.0445709 -0.0486203 -0.0516297 -0.053635 -0.0547426 -0.0550877 -0.0547905 -0.053921 -0.0524777 -0.0503871 -0.0475209 -0.0437295 -0.0388838 -0.0329164 -0.0258544 -0.017836 -0.00910733 -0 0.0047813 0.00956813 0.014357 0.0191281 0.0238403 0.0284301 0.0328144 0.0368958 0.0405712 0.0437406 0.0463159 0.0482277 0.0494302 0.0499024 0.0496472 0.0486881 0.0470651 0.0448303 0.0420447 0.0387768 0.0351025 0.0311069 0.0268868 0.0225527 0.0182296 0.0140556 0.0101778 0.00674541 0.00390061 0.00176861 0.000447536 0 
3.96376e-05 -0.00476891 -0.00926536 -0.0136262 -0.0180577 -0.0227818 -0.0279993 -0.0338497 -0.0403792 -0.0475235 -0.0551087 -0.0628698 -0.0704837 -0.07761 -0.0839329 -0.0891962 -0.0932264 -0.0959393 -0.0973317 -0.0974585 -0.0964042 -0.0942512 -0.0910553 -0.086831 -0.0815506 -0.0751574 -0.0675896 -0.0588111 -0.0488427 -0.0377899 -0.0258698 -0.0134549 -0.00122543 0.00902857 0.0186075 0.0278645 0.0368606 0.0455586 0.0538784 0.0617161 0.0689556 0.0754773 0.0811664 0.0859207 0.0896567 0.0923139 0.0938566 0.0942737 0.0935773 0.0917994 0.0889896 0.0852121 0.0805445 0.0750774 0.068915 0.0621756 0.0549925 0.0475128 0.0398956 0.0323068 0.0249126 0.017871 0.01132 0.00536305 3.96376e-05 
0.000101991 -0.0096802 -0.0191472 -0.0284117 -0.0376002 -0.0468418 -0.0562445 -0.0658682 -0.0757025 -0.0856547 -0.0955503 -0.105148 -0.114162 -0.122297 -0.129275 -0.134865 -0.138901 -0.141289 -0.141999 -0.141054 -0.138506 -0.134418 -0.128842 -0.121812 -0.113341 -0.103433 -0.0921011 -0.0793871 -0.0653889 -0.0502835 -0.034352 -0.0180154 -0.00188967 0.0132133 0.0275831 0.0414182 0.0547609 0.0675615 0.0797218 0.0911173 0.101612 0.111066 0.11935 0.126343 0.131948 0.136089 0.138717 0.139808 0.139366 0.137416 0.134006 0.129206 0.123102 0.115799 0.107419 0.0981008 0.0880007 0.0772885 0.0661455 0.0547595 0.043317 0.0319954 0.0209501 0.0102999 0.000101991 
0.000175021 -0.014612 -0.0290781 -0.0432636 -0.0572194 -0.0709947 -0.0846194 -0.0980856 -0.111332 -0.124235 -0.136611 -0.148228 -0.158821 -0.168121 -0.175875 -0.181867 -0.185938 -0.187984 -0.187963 -0.185875 -0.181756 -0.175658 -0.167638 -0.157752 -0.146053 -0.132597 -0.117462 -0.100757 -0.082648 -0.0633718 -0.0432541 -0.0227222 -0.0022943 0.0175303 0.0366868 0.0551884 0.0730018 0.0900386 0.106172 0.121252 0.135118 0.147612 0.158582 0.167892 0.175426 0.181094 0.184833 0.186609 0.186417 0.184278 0.180242 0.17438 0.166791 0.157591 0.146923 0.134945 0.121835 0.107788 0.0930096 0.0777104 0.0621013 0.0463829 0.0307346 0.0153008 0.000175021 
0.000254913 -0.0196244 -0.0391701 -0.0583507 -0.0771447 -0.0955284 -0.113462 -0.130878 -0.147665 -0.163669 -0.178691 -0.192496 -0.204828 -0.215433 -0.22407 -0.230535 -0.23467 -0.236368 -0.235575 -0.232283 -0.226518 -0.218332 -0.207791 -0.194976 -0.179975 -0.162895 -0.14387 -0.123069 -0.100718 -0.077104 -0.0525849 -0.027587 -0.00257253 0.0220481 0.0460612 0.0693408 0.0917655 0.113191 0.133452 0.152365 0.169744 0.185404 0.199172 0.210892 0.22043 0.227681 0.232569 0.235049 0.235108 0.232765 0.228069 0.2211 0.211963 0.200792 0.187745 0.173002 0.156767 0.139256 0.120703 0.101344 0.0814183 0.0611535 0.0407589 0.0204134 0.000254913 
0.000340769 -0.0247724 -0.0495313 -0.0738351 -0.0975924 -0.120711 -0.143088 -0.164595 -0.185079 -0.204348 -0.222184 -0.238342 -0.252567 -0.264607 -0.27423 -0.281235 -0.285464 -0.28681 -0.285212 -0.280657 -0.27317 -0.262807 -0.24965 -0.233805 -0.215396 -0.194575 -0.171529 -0.146482 -0.119711 -0.0915492 -0.0623835 -0.032647 -0.00278496 0.0268018 0.0558157 0.0840283 0.111235 0.137229 0.161796 0.184717 0.205771 0.224746 0.241444 0.255686 0.267321 0.276225 0.282309 0.285519 0.285834 0.283271 0.27788 0.269747 0.258989 0.245753 0.230217 0.212584 0.19308 0.171949 0.149452 0.125856 0.10143 0.0764341 0.0511132 0.0256865 0.000340769 
0.000432831 -0.0301081 -0.0602666 -0.0898742 -0.118772 -0.146801 -0.173797 -0.199576 -0.223938 -0.246656 -0.267486 -0.286168 -0.302439 -0.316045 -0.326753 -0.334364 -0.338719 -0.339709 -0.337271 -0.331392 -0.3221 -0.30946 -0.293573 -0.274569 -0.252611 -0.227895 -0.200654 -0.171165 -0.139754 -0.106796 -0.0727097 -0.0379466 -0.00296167 0.0318225 0.0660444 0.0993945 0.131591 0.162365 0.191448 0.218577 0.243496 0.265959 0.28574 0.302637 0.316476 0.327118 0.334458 0.33843 0.339009 0.336209 0.330082 0.320721 0.308255 0.292846 0.274691 0.254016 0.231074 0.206137 0.179497 0.151452 0.122307 0.092358 0.0618907 0.0311695 0.000432831 
0.000531787 -0.0356828 -0.0714801 -0.106624 -0.14089 -0.174053 -0.205887 -0.236155 -0.264608 -0.290981 -0.315002 -0.336388 -0.354865 -0.37017 -0.382066 -0.390351 -0.394864 -0.395494 -0.392179 -0.384908 -0.373717 -0.358683 -0.339928 -0.317611 -0.29193 -0.263124 -0.231473 -0.197304 -0.16099 -0.122949 -0.0836368 -0.0435327 -0.00311914 0.0371442 0.0768373 0.11558 0.153019 0.188821 0.222663 0.254233 0.283234 0.309383 0.332425 0.35213 0.3683 0.380777 0.389442 0.394218 0.395072 0.392017 0.385109 0.374446 0.36017 0.34246 0.321534 0.297642 0.271065 0.242106 0.211089 0.178349 0.144228 0.109064 0.0731878 0.0369125 0.000531787 
0.000638492 -0.0415485 -0.0832766 -0.124243 -0.164155 -0.202723 -0.239659 -0.274672 -0.307461 -0.337723 -0.36515 -0.389438 -0.410291 -0.427436 -0.440627 -0.449654 -0.454357 -0.454621 -0.450388 -0.44165 -0.428452 -0.41089 -0.389106 -0.36329 -0.333677 -0.300548 -0.264231 -0.225101 -0.183579 -0.140129 -0.0952483 -0.0494539 -0.00326728 0.0428053 0.0882854 0.132726 0.175706 0.216827 0.255708 0.291985 0.325317 0.355381 0.381886 0.404572 0.423219 0.437645 0.447716 0.453343 0.454488 0.451159 0.443417 0.431368 0.415167 0.39501 0.371139 0.343828 0.313389 0.280158 0.244495 0.206775 0.167381 0.126698 0.0851044 0.0429674 0.000638492 
0.000753836 -0.0477583 -0.095764 -0.142892 -0.18878 -0.233074 -0.275422 -0.315474 -0.352881 -0.387294 -0.418369 -0.445773 -0.469188 -0.488324 -0.502922 -0.512767 -0.517692 -0.517583 -0.512382 -0.50209 -0.486764 -0.466517 -0.441518 -0.411987 -0.378197 -0.340474 -0.299192 -0.254776 -0.207698 -0.15847 -0.107636 -0.0557608 -0.00341247 0.0488489 0.100484 0.15098 0.199847 0.246622 0.290864 0.332154 0.370098 0.404335 0.434533 0.460401 0.481689 0.498195 0.509765 0.516299 0.517751 0.514129 0.505494 0.491964 0.473707 0.450938 0.423921 0.392962 0.358402 0.320614 0.279999 0.236973 0.191966 0.145413 0.0977452 0.0493879 0.000753836 
0.0008787 -0.0543677 -0.109054 -0.162738 -0.214987 -0.265378 -0.313494 -0.358926 -0.401269 -0.440129 -0.475121 -0.505878 -0.532057 -0.553347 -0.569476 -0.580217 -0.585397 -0.584903 -0.578679 -0.566735 -0.549142 -0.526033 -0.497604 -0.464109 -0.425861 -0.38323 -0.33664 -0.286569 -0.233539 -0.178118 -0.120901 -0.0625069 -0.0035591 0.0553229 0.113536 0.170497 0.22565 0.278463 0.328431 0.375077 0.417956 0.456657 0.490809 0.520083 0.5442 0.562932 0.576108 0.583613 0.585393 0.581454 0.571862 0.556744 0.536282 0.510713 0.480327 0.445458 0.406485 0.363818 0.317902 0.2692 0.218194 0.16537 0.11122 0.0562303 0.0008787 
0.00101394 -0.0614354 -0.123265 -0.183958 -0.243008 -0.299921 -0.354212 -0.405408 -0.453049 -0.496686 -0.535894 -0.570267 -0.599433 -0.623057 -0.640849 -0.65257 -0.658042 -0.657147 -0.649837 -0.636128 -0.61611 -0.589937 -0.557835 -0.520092 -0.477065 -0.429171 -0.376885 -0.320739 -0.261314 -0.199233 -0.135152 -0.0697491 -0.0037103 0.0622796 0.127548 0.191442 0.253333 0.312619 0.368727 0.42112 0.469294 0.512788 0.551185 0.584118 0.611275 0.6324 0.647301 0.655849 0.657981 0.653701 0.64308 0.626253 0.60342 0.574841 0.540832 0.501761 0.458044 0.410137 0.358528 0.303733 0.246289 0.186742 0.125646 0.0635542 0.00101394 
0.00116037 -0.0690232 -0.138521 -0.206738 -0.273089 -0.337006 -0.397933 -0.455328 -0.508669 -0.557456 -0.601212 -0.639492 -0.671891 -0.698045 -0.717645 -0.730438 -0.736237 -0.734925 -0.726454 -0.710855 -0.688233 -0.658768 -0.622717 -0.580407 -0.532239 -0.478679 -0.420259 -0.357568 -0.291249 -0.221989 -0.150507 -0.0775483 -0.00386848 0.0697764 0.14264 0.213993 0.283132 0.34938 0.412095 0.470671 0.524546 0.573201 0.616172 0.653047 0.683479 0.707184 0.723944 0.733616 0.736127 0.73148 0.719748 0.701079 0.675689 0.643864 0.605949 0.562348 0.513519 0.459963 0.402221 0.340865 0.276492 0.209712 0.141147 0.0714225 0.00116037 
0.00131881 -0.0771975 -0.154955 -0.231276 -0.305493 -0.376957 -0.445035 -0.509116 -0.568611 -0.62296 -0.671634 -0.714145 -0.750047 -0.778948 -0.800515 -0.81448 -0.820646 -0.818892 -0.809179 -0.791546 -0.76612 -0.733108 -0.692798 -0.645561 -0.591845 -0.532169 -0.467125 -0.397364 -0.323595 -0.246575 -0.167094 -0.08597 -0.00403552 0.0778758 0.158938 0.238341 0.315299 0.389059 0.458902 0.524152 0.58418 0.638408 0.686317 0.727452 0.761423 0.787914 0.806684 0.817572 0.820493 0.815448 0.802515 0.781855 0.753702 0.718367 0.67623 0.627733 0.573379 0.513721 0.449355 0.380914 0.309061 0.234476 0.157856 0.0799029 0.00131881 
0.00149005 -0.0860294 -0.172711 -0.257785 -0.340499 -0.420118 -0.495926 -0.567237 -0.63339 -0.693761 -0.747765 -0.794863 -0.834569 -0.866455 -0.890164 -0.905408 -0.911982 -0.909761 -0.898711 -0.878886 -0.850431 -0.813584 -0.76867 -0.716104 -0.656385 -0.590091 -0.517875 -0.440459 -0.358622 -0.273196 -0.185051 -0.095085 -0.00421297 0.0866461 0.176579 0.26469 0.350108 0.431993 0.509547 0.582016 0.648701 0.70896 0.762216 0.807961 0.845765 0.875275 0.896223 0.908427 0.911793 0.906317 0.892084 0.869266 0.83812 0.798983 0.752272 0.698472 0.638135 0.571868 0.50033 0.424221 0.344274 0.261247 0.175917 0.0890677 0.00149005 
0.00167487 -0.0955957 -0.19194 -0.286495 -0.378411 -0.466862 -0.551045 -0.630191 -0.703564 -0.770468 -0.830257 -0.882337 -0.926176 -0.961311 -0.987353 -1.004 -1.01102 -1.0083 -0.995811 -0.973614 -0.94188 -0.900879 -0.850975 -0.792633 -0.726405 -0.652933 -0.572938 -0.487216 -0.396624 -0.302077 -0.20453 -0.10497 -0.00440218 0.0961615 0.195715 0.293267 0.387854 0.478547 0.564459 0.644755 0.718658 0.785457 0.844512 0.89526 0.937222 0.970007 0.993319 1.00695 1.0108 1.00486 0.989215 0.964056 0.92966 0.886398 0.834722 0.775167 0.708337 0.6349 0.555582 0.471156 0.382433 0.290254 0.195482 0.098995 0.00167487 
0.00187406 -0.105979 -0.212811 -0.317652 -0.419554 -0.517591 -0.610867 -0.69852 -0.779734 -0.853737 -0.919814 -0.977313 -1.02565 -1.06432 -1.09291 -1.11108 -1.11861 -1.11536 -1.1013 -1.07654 -1.04124 -0.995733 -0.940412 -0.875796 -0.802497 -0.721226 -0.632778 -0.538028 -0.437922 -0.333461 -0.225695 -0.115708 -0.00460435 0.106503 0.216506 0.324313 0.428859 0.529116 0.624106 0.712902 0.794647 0.86855 0.933905 0.990088 1.03657 1.07292 1.0988 1.11398 1.11836 1.11191 1.09473 1.06703 1.0291 0.981354 0.924283 0.858471 0.784584 0.703354 0.615582 0.522119 0.423862 0.321743 0.21672 0.109769 0.00187406 
0.00208842 -0.11727 -0.235502 -0.351526 -0.464284 -0.572743 -0.675904 -0.77281 -0.862553 -0.944281 -1.0172 -1.0806 -1.13384 -1.17637 -1.20774 -1.22758 -1.23566 -1.23183 -1.21609 -1.18853 -1.14937 -1.09895 -1.03774 -0.966299 -0.885308 -0.79555 -0.697902 -0.593328 -0.482864 -0.367612 -0.248724 -0.127389 -0.00482057 0.117759 0.239132 0.358094 0.473472 0.584133 0.688996 0.787039 0.877313 0.958946 1.03116 1.09325 1.14465 1.18488 1.21356 1.23044 1.23539 1.22839 1.20954 1.17907 1.13729 1.08466 1.02172 0.949095 0.867525 0.777814 0.680841 0.577544 0.468915 0.355984 0.239811 0.121482 0.00208842 
0.00231875 -0.129566 -0.260209 -0.388408 -0.512984 -0.63279 -0.746715 -0.853698 -0.952733 -1.04288 -1.12326 -1.19309 -1.25168 -1.29842 -1.33281 -1.35448 -1.36316 -1.35872 -1.34114 -1.31054 -1.26717 -1.21142 -1.14379 -1.06491 -0.97554 -0.876535 -0.768863 -0.653582 -0.531832 -0.40482 -0.273812 -0.140113 -0.00505187 0.130027 0.263784 0.394897 0.522074 0.644067 0.759684 0.867799 0.967363 1.05742 1.13709 1.20564 1.2624 1.30685 1.33857 1.3573 1.36287 1.35528 1.33461 1.30112 1.25516 1.1972 1.12785 1.04781 0.957868 0.858915 0.751916 0.637906 0.517977 0.393268 0.264953 0.134232 0.00231875 
0.00256586 -0.142974 -0.287145 -0.428615 -0.566073 -0.698248 -0.823908 -0.941878 -1.05104 -1.15037 -1.23889 -1.31574 -1.38016 -1.4315 -1.4692 -1.49287 -1.50222 -1.49711 -1.47753 -1.44362 -1.39566 -1.33409 -1.25946 -1.17248 -1.07396 -0.964871 -0.846264 -0.719304 -0.585241 -0.445402 -0.301173 -0.153985 -0.00529924 0.143411 0.290674 0.435038 0.575081 0.70943 0.836773 0.955869 1.06557 1.1648 1.25262 1.3282 1.3908 1.43986 1.47492 1.49566 1.50191 1.49366 1.47102 1.43423 1.38369 1.31994 1.2436 1.15546 1.05639 0.947349 0.829414 0.703719 0.571466 0.433913 0.292358 0.148127 0.00256586 
0.00283059 -0.15761 -0.316543 -0.472492 -0.624008 -0.76968 -0.908146 -1.03811 -1.15833 -1.26767 -1.36508 -1.4496 -1.5204 -1.57675 -1.61808 -1.64393 -1.65402 -1.64817 -1.62642 -1.5889 -1.53594 -1.46801 -1.38574 -1.28991 -1.18141 -1.06131 -0.930765 -0.791052 -0.643546 -0.489701 -0.331037 -0.169124 -0.00556365 0.158027 0.320034 0.47886 0.632946 0.780781 0.920922 1.05201 1.17276 1.28202 1.37873 1.46198 1.53097 1.58506 1.62375 1.64669 1.65369 1.64473 1.61992 1.57954 1.52401 1.45391 1.36995 1.27297 1.16392 1.04387 0.913998 0.775545 0.62984 0.478268 0.322261 0.163286 0.00283059 
0.00311375 -0.173601 -0.348656 -0.520419 -0.687286 -0.847699 -1.00015 -1.14321 -1.27551 -1.3958 -1.50292 -1.59582 -1.67358 -1.73542 -1.78071 -1.80896 -1.81985 -1.81322 -1.78908 -1.74762 -1.68919 -1.61433 -1.52372 -1.41821 -1.29881 -1.16668 -1.02309 -0.86944 -0.707244 -0.538095 -0.363659 -0.185658 -0.00584603 0.174002 0.352114 0.52674 0.696165 0.858731 1.01285 1.15703 1.28986 1.41007 1.5165 1.60813 1.6841 1.74369 1.78634 1.81169 1.81951 1.80977 1.78259 1.73828 1.6773 1.60028 1.50798 1.40133 1.28139 1.14931 1.00639 0.853998 0.693596 0.526709 0.354917 0.179837 0.00311375 
0.0034162 -0.191085 -0.38376 -0.572806 -0.756452 -0.932975 -1.10072 -1.25809 -1.4036 -1.53586 -1.65359 -1.75565 -1.84103 -1.90887 -1.95849 -1.98936 -2.00113 -1.99364 -1.96691 -1.92114 -1.85674 -1.77429 -1.67456 -1.55848 -1.42716 -1.28187 -1.12402 -0.955134 -0.776878 -0.590997 -0.399317 -0.203725 -0.00614729 0.191473 0.387191 0.579088 0.765281 0.94395 1.11335 1.27184 1.41788 1.55006 1.66711 1.7679 1.8515 1.9171 1.9641 1.99207 2.00079 1.9902 1.96043 1.91183 1.84488 1.76028 1.65887 1.54166 1.40979 1.26457 1.10738 0.93975 0.763281 0.579651 0.390603 0.197921 0.0034162 
0.00373878 -0.210214 -0.422159 -0.630106 -0.832101 -1.02624 -1.2107 -1.38373 -1.54368 -1.68903 -1.81838 -1.93046 -2.02417 -2.09859 -2.15295 -2.18669 -2.19943 -2.191 -2.16143 -2.11095 -2.04002 -1.94927 -1.83956 -1.71191 -1.56756 -1.40788 -1.23442 -1.04887 -0.853043 -0.648857 -0.438313 -0.22348 -0.00646834 0.210591 0.425568 0.636354 0.840886 1.03717 1.22328 1.39743 1.55791 1.70318 1.83184 1.94267 2.0346 2.10678 2.15853 2.18938 2.19908 2.18755 2.15496 2.10166 2.02819 1.9353 1.82392 1.69514 1.55024 1.39063 1.21783 1.03353 0.839489 0.637547 0.429625 0.21769 0.00373878 
0.0040823 -0.231155 -0.464185 -0.692812 -0.914883 -1.1283 -1.33106 -1.52122 -1.69698 -1.85665 -1.9987 -2.12175 -2.22459 -2.3062 -2.36575 -2.40263 -2.41644 -2.40698 -2.3743 -2.31868 -2.2406 -2.14077 -2.02014 -1.87983 -1.7212 -1.54577 -1.35523 -1.15145 -0.936389 -0.71217 -0.480981 -0.24509 -0.00681006 0.231523 0.467574 0.699031 0.923632 1.13919 1.34359 1.53486 1.71115 1.87074 2.01212 2.13392 2.23498 2.31435 2.3713 2.40531 2.41607 2.40353 2.36785 2.3094 2.22879 2.12683 2.00453 1.86311 1.70394 1.52857 1.3387 1.13615 0.922874 0.700891 0.472316 0.239312 0.0040823 
0.00444761 -0.25409 -0.5102 -0.761466 -1.00551 -1.24004 -1.46281 -1.67173 -1.86479 -2.04015 -2.19611 -2.33117 -2.444 -2.53349 -2.59873 -2.63905 -2.65402 -2.64344 -2.60737 -2.5461 -2.46019 -2.35043 -2.21784 -2.06368 -1.88942 -1.69674 -1.4875 -1.26374 -1.02763 -0.781477 -0.527685 -0.268739 -0.0071733 0.254451 0.513573 0.76766 1.01423 1.25088 1.47531 1.68533 1.87892 2.0542 2.20949 2.3433 2.45436 2.54161 2.60426 2.64171 2.65365 2.63999 2.60092 2.53684 2.44841 2.33651 2.20226 2.04699 1.87219 1.67958 1.47101 1.24849 1.01415 0.770226 0.519039 0.262972 0.00444761 
0.00483547 -0.279218 -0.560603 -0.836659 -1.10477 -1.36241 -1.60711 -1.83657 -2.04858 -2.24111 -2.41231 -2.56052 -2.68429 -2.7824 -2.85387 -2.89797 -2.91421 -2.90241 -2.86262 -2.79518 -2.7007 -2.58005 -2.43436 -2.26502 -2.07364 -1.86208 -1.63236 -1.38672 -1.12755 -0.857372 -0.578823 -0.294626 -0.00755888 0.279572 0.563962 0.842832 1.11346 1.37322 1.61957 1.85013 2.06266 2.25512 2.42565 2.57262 2.69462 2.79051 2.85939 2.90062 2.91384 2.89897 2.85618 2.78593 2.68893 2.56615 2.41882 2.24836 2.05645 1.84495 1.6159 1.3715 1.1141 0.846146 0.570196 0.28887 0.00483547 
0.00524666 -0.306758 -0.61583 -0.919041 -1.21352 -1.49646 -1.76519 -2.01714 -2.24991 -2.46126 -2.64915 -2.81177 -2.94753 -3.0551 -3.13339 -3.18162 -3.19926 -3.18612 -3.14225 -3.06805 -2.96417 -2.8316 -2.67156 -2.48559 -2.27547 -2.0432 -1.79105 -1.52144 -1.237 -0.940504 -0.634833 -0.322973 -0.00796757 0.307107 0.619176 0.925196 1.22218 1.50725 1.77762 2.03067 2.26396 2.47524 2.66246 2.82384 2.95784 3.06318 3.13889 3.18425 3.19888 3.18267 3.13582 3.05881 2.95242 2.81773 2.65605 2.46897 2.25831 2.02611 1.77462 1.50625 1.22358 0.929301 0.626222 0.317226 0.00524666 
0.00568187 -0.336949 -0.676359 -1.00932 -1.33269 -1.64337 -1.93842 -2.21502 -2.47053 -2.7025 -2.90868 -3.08709 -3.23599 -3.35391 -3.43968 -3.49244 -3.51162 -3.49701 -3.44868 -3.36706 -3.25289 -3.10725 -2.93149 -2.72729 -2.49662 -2.24167 -1.96493 -1.66905 -1.35693 -1.03159 -0.696194 -0.35402 -0.00840007 0.337295 0.679695 1.01546 1.34133 1.65413 1.95082 2.22852 2.48455 2.71644 2.92196 3.09913 3.24627 3.36198 3.44516 3.49507 3.51124 3.49356 3.44225 3.35783 3.24116 3.0934 2.916 2.7107 2.47949 2.22461 1.94853 1.6539 1.34353 1.0204 0.687599 0.348283 0.00568187 
0.00614172 -0.370056 -0.742715 -1.10829 -1.46331 -1.80439 -2.12829 -2.43191 -2.71235 -2.96691 -3.19314 -3.38886 -3.55215 -3.68143 -3.7754 -3.83312 -3.85398 -3.83775 -3.78453 -3.69479 -3.56934 -3.40937 -3.21637 -2.9922 -2.739 -2.4592 -2.15549 -1.83083 -1.48836 -1.1314 -0.763432 -0.388032 -0.00885702 0.370399 0.746041 1.11441 1.47193 1.81513 2.14066 2.44538 2.72634 2.98082 3.20639 3.40087 3.56241 3.68947 3.78086 3.83573 3.85359 3.83431 3.77811 3.68557 3.55762 3.39554 3.20091 2.97563 2.7219 2.44216 2.13913 1.8157 1.47498 1.12024 0.754851 0.382303 0.00614172 
0.00662676 -0.406367 -0.815473 -1.2168 -1.60652 -1.98092 -2.33644 -2.66968 -2.97744 -3.25677 -3.50498 -3.71967 -3.89875 -4.04046 -4.14342 -4.20658 -4.2293 -4.2113 -4.15271 -4.05406 -3.91624 -3.74056 -3.52868 -3.2826 -3.0047 -2.69764 -2.36439 -2.00817 -1.63242 -1.24081 -0.837123 -0.425298 -0.00933893 0.406707 0.818792 1.22291 1.61512 1.99163 2.34879 2.68312 2.9914 3.27066 3.5182 3.73165 3.90898 4.04849 4.14887 4.20919 4.2289 4.20786 4.14629 4.04485 3.90454 3.72675 3.51323 3.26606 2.98763 2.68064 2.34805 1.99306 1.61907 1.22966 0.828556 0.419579 0.00662676 
0.00713739 -0.4462 -0.895266 -1.33578 -1.76355 -2.17449 -2.56468 -2.93038 -3.2681 -3.57459 -3.84689 -4.08238 -4.27876 -4.43413 -4.54694 -4.61606 -4.6408 -4.62086 -4.55639 -4.44797 -4.2966 -4.10369 -3.87109 -3.601 -3.29602 -2.95907 -2.59342 -2.20259 -1.79036 -1.36074 -0.9179 -0.466138 -0.00984622 0.446538 0.898578 1.34188 1.77214 2.18518 2.577 2.9438 3.28204 3.58845 3.86009 4.09434 4.28898 4.44214 4.55238 4.61866 4.6404 4.61742 4.54998 4.43878 4.28491 4.0899 3.85566 3.58448 3.27897 2.9421 2.5771 2.1875 1.77703 1.34962 0.909347 0.460427 0.00713739 
0.00767388 -0.489903 -0.982788 -1.46628 -1.93577 -2.38677 -2.81497 -3.21628 -3.58684 -3.92311 -4.22183 -4.48013 -4.69549 -4.86581 -4.98943 -5.0651 -5.09205 -5.06999 -4.99907 -4.87993 -4.71368 -4.50189 -4.24656 -3.95014 -3.61546 -3.24574 -2.84455 -2.41576 -1.96353 -1.49224 -1.00646 -0.510898 -0.0103791 0.490239 0.986092 1.47237 1.94434 2.39744 2.82727 3.22967 3.60076 3.93695 4.23501 4.49207 4.70569 4.87381 4.99486 5.06769 5.09165 5.06655 4.99266 4.87074 4.70201 4.48812 4.23116 3.93364 3.59843 3.22879 2.82826 2.40071 1.95022 1.48113 0.997916 0.505196 0.00767388 
0.00823631 -0.537857 -1.0788 -1.60942 -2.12466 -2.6196 -3.08949 -3.52984 -3.93643 -4.30536 -4.63305 -4.91636 -5.15253 -5.33926 -5.47472 -5.55757 -5.58696 -5.56255 -5.48456 -5.35367 -5.17111 -4.9386 -4.65835 -4.33303 -3.96578 -3.56012 -3.11995 -2.64954 -2.15343 -1.63643 -1.10355 -0.559962 -0.0109377 0.538192 1.0821 1.6155 2.13322 2.63025 3.10177 3.54321 3.95032 4.31917 4.64621 4.92828 5.16271 5.34724 5.48014 5.56015 5.58655 5.55912 5.47816 5.34449 5.15945 4.92484 4.64297 4.31656 3.94878 3.54319 3.10369 2.63451 2.14014 1.62534 1.09503 0.554269 0.00823631 
0.00882456 -0.590484 -1.18413 -1.76645 -2.33188 -2.875 -3.39062 -3.87379 -4.3199 -4.72464 -5.08411 -5.39485 -5.65385 -5.85857 -6.00703 -6.09774 -6.12979 -6.10283 -6.01706 -5.87328 -5.67282 -5.41759 -5.11 -4.753 -4.35002 -3.90492 -3.42201 -2.90594 -2.3617 -1.79456 -1.21002 -0.61375 -0.0115218 0.590818 1.18743 1.77252 2.34042 2.88563 3.40287 3.88714 4.33376 4.73843 5.09724 5.40675 5.664 5.86654 6.01243 6.10032 6.12938 6.09939 6.01067 5.86412 5.66118 5.40385 5.09464 4.73655 4.33305 3.88802 3.40577 2.89093 2.34843 1.78349 1.20151 0.608066 0.00882456 
0.00943823 -0.648245 -1.29971 -1.93874 -2.55921 -3.15518 -3.72096 -4.25112 -4.74056 -5.18458 -5.57892 -5.91975 -6.20378 -6.42824 -6.59095 -6.69029 -6.72526 -6.69548 -6.6012 -6.44327 -6.22318 -5.94301 -5.60543 -5.21367 -4.77149 -4.28314 -3.75332 -3.18716 -2.59013 -1.968 -1.32679 -0.672721 -0.0121309 0.648578 1.303 1.94479 2.56773 3.1658 3.73319 4.26444 4.7544 5.19835 5.59202 5.93163 6.21392 6.43619 6.59634 6.69286 6.72485 6.69205 6.59481 6.43412 6.21155 5.9293 5.5901 5.19725 4.75454 4.26627 3.73711 3.17218 2.57689 1.95694 1.31829 0.667047 0.00943823 
0.0100766 -0.711646 -1.42654 -2.12778 -2.80863 -3.46259 -4.0834 -4.66508 -5.20207 -5.68919 -6.12177 -6.49561 -6.8071 -7.05321 -7.23155 -7.34035 -7.37852 -7.34566 -7.24202 -7.06857 -6.82694 -6.51942 -6.14893 -5.71903 -5.23384 -4.69804 -4.11677 -3.49566 -2.8407 -2.15823 -1.45485 -0.737382 -0.0127643 0.711978 1.42982 2.13382 2.81714 3.47319 4.09561 4.67838 5.21588 5.70293 6.13484 6.50746 6.81721 7.06114 7.23693 7.34291 7.37811 7.34222 7.23564 7.05943 6.81533 6.50572 6.13362 5.70263 5.21693 4.68119 4.10059 3.4807 2.82748 2.1472 1.44637 0.731718 0.0100766 
0.0107386 -0.781244 -1.56573 -2.33521 -3.08232 -3.7999 -4.48107 -5.11929 -5.70844 -6.24285 -6.71737 -7.12742 -7.46904 -7.73891 -7.93439 -8.05357 -8.09525 -8.05899 -7.9451 -7.75462 -7.48935 -7.1518 -6.74521 -6.27347 -5.74109 -5.15321 -4.5155 -3.83409 -3.11558 -2.36691 -1.59532 -0.808285 -0.0134207 0.781575 1.569 2.34124 3.09082 3.81047 4.49325 5.13256 5.72222 6.25656 6.73042 7.13925 7.47913 7.74682 7.93976 8.05612 8.09484 8.05557 7.93873 7.74549 7.47776 7.13814 6.72993 6.2571 5.72421 5.1364 4.49935 3.81916 3.10238 2.3559 1.58686 0.802633 0.0107386 
0.0114226 -0.85765 -1.71849 -2.56286 -3.38266 -4.17004 -4.91744 -5.61769 -6.26407 -6.85036 -7.3709 -7.82069 -8.19536 -8.49128 -8.70558 -8.83614 -8.88167 -8.84168 -8.71652 -8.50735 -8.21614 -7.84566 -7.39945 -6.88178 -6.29763 -5.65262 -4.95295 -4.20539 -3.41714 -2.59583 -1.7494 -0.88604 -0.0140987 0.857982 1.72176 2.56888 3.39114 4.18059 4.9296 5.63093 6.27783 6.86404 7.38392 7.83249 8.20543 8.49918 8.71093 8.83869 8.88125 8.83826 8.71017 8.49825 8.20458 7.83202 7.3842 6.86545 6.28079 5.63584 4.93684 4.19049 3.40398 2.58485 1.74096 0.8804 0.0114226 
0.0121267 -0.941538 -1.88617 -2.8127 -3.71227 -4.57623 -5.39631 -6.16463 -6.8738 -7.51701 -8.08805 -8.58143 -8.99237 -9.31688 -9.55181 -9.69486 -9.74461 -9.70053 -9.56301 -9.33332 -9.01364 -8.60702 -8.11733 -7.54927 -6.9083 -6.20058 -5.43294 -4.61278 -3.74801 -2.84699 -1.91843 -0.971315 -0.0147959 0.941869 1.88942 2.8187 3.72072 4.58676 5.40844 6.17783 6.88752 7.53065 8.10104 8.5932 9.00241 9.32475 9.55715 9.6974 9.74419 9.69712 9.55667 9.32424 9.0021 8.59341 8.10211 7.53297 6.89149 6.18385 5.41686 4.59791 3.73488 2.83603 1.91001 0.965689 0.0121267 
0.0128481 -1.03365 -2.07021 -3.08692 -4.07401 -5.02202 -5.92185 -6.76485 -7.54293 -8.2486 -8.87506 -9.41627 -9.867 -10.2229 -10.4805 -10.6372 -10.6916 -10.643 -10.4919 -10.2397 -9.88879 -9.44249 -8.90508 -8.28172 -7.57839 -6.80187 -5.95963 -5.05979 -4.11105 -3.12256 -2.10387 -1.06484 -0.0155096 1.03398 2.07347 3.09291 4.08245 5.03252 5.93395 6.77803 7.55662 8.26221 8.88802 9.42802 9.87702 10.2307 10.4858 10.6397 10.6912 10.6396 10.4856 10.2306 9.87727 9.42891 8.8899 8.26546 7.56162 6.78517 5.94359 5.04497 4.09795 3.11163 2.09547 1.05923 0.0128481 
0.0135835 -1.13478 -2.27225 -3.38791 -4.47106 -5.5113 -6.49865 -7.42361 -8.27731 -9.05152 -9.73879 -10.3325 -10.8269 -11.2172 -11.4996 -11.6714 -11.7308 -11.6773 -11.5113 -11.2344 -10.8492 -10.3593 -9.76956 -9.0855 -8.31374 -7.4617 -6.53758 -5.55031 -4.50941 -3.42492 -2.30733 -1.16743 -0.0162363 1.13511 2.27549 3.39388 4.47947 5.52177 6.51071 7.43675 8.29095 9.06509 9.75171 10.3442 10.8369 11.225 11.5049 11.6739 11.7304 11.6739 11.505 11.2254 10.8377 10.3458 9.75443 9.06929 8.29702 7.44505 6.52159 5.53553 4.49635 3.41402 2.29895 1.16183 0.0135835 
0.0143288 -1.24584 -2.49405 -3.71831 -4.90688 -6.04834 -7.13173 -8.14665 -9.08333 -9.93277 -10.6868 -11.3381 -11.8804 -12.3085 -12.6181 -12.8064 -12.8714 -12.8125 -12.6301 -12.3261 -11.9032 -11.3656 -10.7183 -9.96762 -9.12074 -8.18581 -7.17184 -6.0886 -4.94655 -3.7567 -2.53055 -1.27995 -0.0169716 1.24617 2.49728 3.72426 4.91526 6.05877 7.14375 8.15974 9.09693 9.94629 10.6996 11.3497 11.8903 12.3163 12.6234 12.8089 12.871 12.8091 12.6238 12.3171 11.8918 11.3521 10.7032 9.95147 9.10408 8.16923 7.15591 6.07388 4.93354 3.74584 2.52221 1.27438 0.0143288 
0.0150787 -1.36781 -2.73756 -4.08101 -5.38528 -6.63783 -7.82664 -8.94028 -9.96804 -10.9 -11.7273 -12.4418 -13.0367 -13.5062 -13.8458 -14.0522 -14.1233 -14.0584 -13.8581 -13.5242 -13.06 -12.4699 -11.7596 -10.9358 -10.0064 -8.98052 -7.86792 -6.67935 -5.42628 -4.12079 -2.77549 -1.40338 -0.01771 1.36814 2.74077 4.08694 5.39362 6.64822 7.83861 8.95332 9.98158 10.9135 11.7401 12.4534 13.0466 13.514 13.8511 14.0547 14.1228 14.055 13.8518 13.5152 13.0486 12.4565 11.7445 10.9197 9.98984 8.964 7.85205 6.66469 5.41332 4.10997 2.76718 1.39783 0.0150787 
0.0158271 -1.50175 -3.0049 -4.47919 -5.91045 -7.28494 -8.58945 -9.81145 -10.9392 -11.9618 -12.8694 -13.6533 -14.3059 -14.8209 -15.1934 -15.4196 -15.4973 -15.4259 -15.2058 -14.8393 -14.3297 -13.6821 -12.9024 -11.9983 -10.9785 -9.85275 -8.63189 -7.3277 -5.95276 -4.52034 -3.04427 -1.53879 -0.018445 1.50208 3.00811 4.48509 5.91876 7.29528 8.60136 9.82442 10.9526 11.9752 12.8821 13.6649 14.3158 14.8287 15.1986 15.422 15.4969 15.4225 15.1996 14.8304 14.3184 13.6687 12.8875 11.9823 10.962 9.83631 8.6161 7.3131 5.93986 4.50958 3.036 1.53327 0.0158271 
0.0165664 -1.64886 -3.29845 -4.91634 -6.487 -7.99533 -9.42684 -10.7678 -12.0052 -13.1273 -14.1231 -14.9832 -15.6991 -16.2641 -16.6725 -16.9205 -17.0056 -16.927 -16.6853 -16.2828 -15.7235 -15.0125 -14.1569 -13.1647 -12.0455 -10.8101 -9.47041 -8.0393 -6.5306 -4.95884 -3.33921 -1.68734 -0.0191689 1.64919 3.30163 4.9222 6.49526 8.00561 9.43868 10.7807 12.0186 13.1406 14.1358 14.9947 15.7089 16.2718 16.6777 16.923 17.0052 16.9236 16.6791 16.2739 15.7122 14.9992 14.142 13.1488 12.0291 10.7938 9.4547 8.02479 6.51777 4.94814 3.33099 1.68185 0.0165664 
0.0172878 -1.81044 -3.62077 -5.3963 -7.11997 -8.77522 -10.3461 -11.8176 -13.1755 -14.4067 -15.4994 -16.4431 -17.2285 -17.8483 -18.2963 -18.5682 -18.6613 -18.5747 -18.3092 -17.8674 -17.2533 -16.473 -15.5339 -14.4449 -13.2167 -11.861 -10.3908 -8.82036 -7.16481 -5.44011 -3.66289 -1.85032 -0.0198721 1.81077 3.62393 5.40212 7.12817 8.78543 10.3579 11.8304 13.1888 14.42 15.512 16.4545 17.2383 17.8559 18.3014 18.5706 18.6609 18.5714 18.3031 17.8585 17.2421 16.4598 15.5191 14.4291 13.2004 11.8447 10.3752 8.80594 7.15207 5.42948 3.65472 1.84486 0.0172878 
0.0179806 -1.98792 -3.9747 -5.92328 -7.81493 -9.63146 -11.3554 -12.9702 -14.4603 -15.8113 -17.0103 -18.0457 -18.9075 -19.5874 -20.0788 -20.3769 -20.4789 -20.3836 -20.092 -19.6068 -18.9328 -18.0762 -17.0454 -15.8503 -14.5023 -13.0145 -11.4011 -9.6777 -7.86094 -5.96833 -4.01812 -2.02913 -0.0205436 1.98824 3.97784 5.92906 7.82307 9.64159 11.3671 12.9829 14.4735 15.8245 17.0228 18.0571 18.9172 19.595 20.0839 20.3793 20.4784 20.3803 20.0859 19.5981 18.9216 18.0631 17.0308 15.8346 14.4861 12.9984 11.3856 9.6634 7.8483 5.95778 4.01001 2.02372 0.0179806 
0.0186324 -2.18286 -4.36337 -6.50192 -8.57797 -10.5716 -12.4635 -14.2356 -15.8708 -17.3535 -18.6692 -19.8053 -20.7508 -21.4967 -22.0357 -22.3626 -22.4742 -22.3694 -22.0491 -21.5164 -20.7764 -19.8362 -18.7048 -17.3931 -15.9136 -14.2807 -12.5101 -10.6188 -8.62507 -6.54812 -4.40799 -2.22532 -0.0211702 2.18319 4.36648 6.50765 8.58604 10.5816 12.4751 14.2482 15.8839 17.3665 18.6815 19.8165 20.7604 21.5042 22.0408 22.365 22.4738 22.3661 22.043 21.5077 20.7654 19.8232 18.6903 17.3775 15.8976 14.2648 12.4948 10.6046 8.61255 6.53767 4.39996 2.21996 0.0186324 
0.0192284 -2.39701 -4.7902 -7.13732 -9.41582 -11.6038 -13.6802 -15.625 -17.4196 -19.0466 -20.4904 -21.7371 -22.7746 -23.593 -24.1842 -24.5427 -24.6649 -24.5496 -24.1978 -23.6129 -22.8005 -21.7684 -20.5265 -19.0868 -17.463 -15.6708 -13.7276 -11.6519 -9.46387 -7.18454 -4.83589 -2.44059 -0.0217364 2.39733 4.79328 7.14299 9.4238 11.6137 13.6916 15.6374 17.4325 19.0594 20.5026 21.7481 22.784 23.6004 24.1893 24.5451 24.6645 24.5463 24.1918 23.6043 22.7896 21.7556 20.5122 19.0714 17.4471 15.6551 13.7124 11.6379 9.4515 7.17421 4.82795 2.43529 0.0192284 
0.0197516 -2.63226 -5.25895 -7.83507 -10.3358 -12.7372 -15.0161 -17.1505 -19.12 -20.9056 -22.49 -23.8581 -24.9966 -25.8945 -26.5432 -26.9363 -27.0701 -26.9432 -26.5568 -25.9146 -25.0227 -23.8898 -22.5266 -20.9462 -19.164 -17.197 -15.0642 -12.7861 -10.3847 -7.88314 -5.30556 -2.67681 -0.0222242 2.63258 5.26199 7.84066 10.3437 12.747 15.0274 17.1628 19.1328 20.9183 22.5021 23.869 25.0059 25.9018 26.5481 26.9386 27.0697 26.94 26.5509 25.9061 25.012 23.8771 22.5124 20.9311 19.1483 17.1814 15.0492 12.7723 10.3725 7.87296 5.29774 2.67158 0.0197516 
0.0201819 -2.8907 -5.77378 -8.60133 -11.3461 -13.9818 -16.483 -18.8257 -20.9872 -22.9468 -24.6857 -26.187 -27.4363 -28.4216 -29.1332 -29.5644 -29.7109 -29.5714 -29.147 -28.4418 -27.4626 -26.2189 -24.7224 -22.9878 -21.0315 -18.8725 -16.5315 -14.0312 -11.3956 -8.65005 -5.8211 -2.93602 -0.0226125 2.89102 5.77677 8.60682 11.3539 13.9914 16.4941 18.8377 20.9998 22.9593 24.6976 26.1978 27.4455 28.4287 29.1381 29.5667 29.7105 29.5682 29.1411 28.4335 27.4521 26.2064 24.7085 22.9728 21.0161 18.8572 16.5168 14.0176 11.3836 8.64003 5.81341 2.93088 0.0201819 
0.0204962 -3.17464 -6.33923 -9.44285 -12.4556 -15.3486 -18.0939 -20.6651 -23.0375 -25.1883 -27.0967 -28.7443 -30.1153 -31.1964 -31.9772 -32.4502 -32.6106 -32.4571 -31.9909 -31.2166 -30.1416 -28.7762 -27.1335 -25.2293 -23.0819 -20.7121 -18.1426 -15.3982 -12.5054 -9.49196 -6.38701 -3.22048 -0.0228767 3.17495 6.34216 9.44823 12.4632 15.358 18.1048 20.677 23.0498 25.2005 27.1083 28.7548 30.1243 31.2034 31.982 32.4524 32.6102 32.454 31.9852 31.2085 30.1313 28.764 27.1198 25.2147 23.0669 20.6971 18.1282 15.3849 12.4936 9.48215 6.37947 3.21544 0.0204962 
0.0206677 -3.4866 -6.96031 -10.3671 -13.6741 -16.8495 -19.8629 -22.6851 -25.2891 -27.6497 -29.7442 -31.5525 -33.0571 -34.2434 -35.1001 -35.6189 -35.7947 -35.6258 -35.1138 -34.2635 -33.0832 -31.5842 -29.7808 -27.6905 -25.3333 -22.732 -19.9115 -16.8992 -13.7239 -10.4163 -7.00824 -3.53265 -0.0229883 3.4869 6.96317 10.3723 13.6815 16.8587 19.8735 22.6967 25.3011 27.6616 29.7555 31.5627 33.0658 34.2503 35.1048 35.6211 35.7943 35.6228 35.1082 34.2556 33.0731 31.5723 29.7675 27.6763 25.3186 22.7174 19.8975 16.8862 13.7124 10.4067 7.00089 3.52774 0.0206677 
0.0206654 -3.82935 -7.64252 -11.3822 -15.0123 -18.4979 -21.8056 -24.9035 -27.7617 -30.3527 -32.6516 -34.6363 -36.2875 -37.5895 -38.5295 -39.0986 -39.2912 -39.1054 -38.543 -37.6093 -36.3134 -34.6676 -32.6878 -30.3931 -27.8055 -24.9499 -21.8538 -18.5472 -15.0617 -11.4311 -7.69022 -3.87525 -0.0229145 3.82965 7.6453 11.3872 15.0194 18.5069 21.8159 24.9146 27.7733 30.3643 32.6626 34.6462 36.296 37.5961 38.534 39.1007 39.2908 39.1025 38.5376 37.6016 36.3036 34.6561 32.6749 30.3793 27.7912 24.9357 21.8402 18.5346 15.0506 11.4218 7.68309 3.87049 0.0206654 
0.0204537 -4.20597 -8.39191 -12.4971 -16.482 -20.3083 -23.9392 -27.3397 -30.4771 -33.3212 -35.8445 -38.0229 -39.8352 -41.264 -42.2955 -42.9198 -43.1308 -42.9265 -42.3087 -41.2835 -39.8605 -38.0536 -35.88 -33.3608 -30.5201 -27.3853 -23.9866 -20.3567 -16.5306 -12.5452 -8.43892 -4.25126 -0.022617 4.20625 8.39458 12.502 16.4889 20.3169 23.9491 27.3505 30.4883 33.3323 35.8551 38.0325 39.8434 41.2704 42.2999 42.9219 43.1305 42.9237 42.3035 41.276 39.8511 38.0425 35.8676 33.3475 30.5064 27.3716 23.9735 20.3446 16.5199 12.5363 8.43206 4.24669 0.0204537 
0.0199918 -4.6198 -9.21513 -13.7218 -18.0963 -22.2968 -26.2826 -30.0155 -33.4595 -36.5814 -39.3512 -41.7422 -43.7314 -45.2995 -46.4315 -47.1164 -47.3476 -47.1228 -46.4443 -45.3183 -43.7559 -41.7719 -39.3856 -36.6197 -33.5011 -30.0597 -26.3286 -22.3437 -18.1436 -13.7686 -9.26091 -4.66396 -0.0220522 4.62007 9.21767 13.7264 18.1029 22.305 26.292 30.0257 33.4701 36.592 39.3613 41.7513 43.7391 45.3056 46.4356 47.1183 47.3472 47.1202 46.4393 45.3112 43.7469 41.7613 39.3737 36.6071 33.488 30.0466 26.3161 22.3322 18.1334 13.7601 9.25437 4.6596 0.0199918 
0.0192327 -5.07455 -10.1195 -15.067 -19.8695 -24.4808 -28.8565 -32.9543 -36.735 -40.1621 -43.2026 -45.8271 -48.0105 -49.7316 -50.9739 -51.7253 -51.9787 -51.7315 -50.986 -49.7495 -48.0338 -45.8555 -43.2353 -40.1987 -36.7748 -32.9966 -28.9004 -24.5257 -19.9148 -15.1119 -10.1634 -5.11693 -0.0211696 5.0748 10.1219 15.0714 19.8757 24.4885 28.8653 32.964 36.745 40.1721 43.212 45.8357 48.0178 49.7373 50.9777 51.7271 51.9783 51.7289 50.9814 49.7429 48.0254 45.8455 43.2242 40.1868 36.7625 32.9843 28.8886 24.5149 19.9052 15.1039 10.1572 5.11284 0.0192327 
0.0181228 -5.57428 -11.113 -16.5448 -21.8173 -26.8798 -31.6836 -36.1823 -40.3328 -44.095 -47.4327 -50.3137 -52.7103 -54.5994 -55.9628 -56.7873 -57.0649 -56.793 -55.9742 -54.6162 -52.7322 -50.3402 -47.4634 -44.1293 -40.37 -36.2219 -31.7247 -26.9219 -21.8597 -16.5869 -11.1543 -5.61414 -0.0199113 5.57452 11.1152 16.5489 21.823 26.8869 31.6918 36.1913 40.3421 44.1042 47.4414 50.3216 52.7171 54.6047 55.9664 56.789 57.0646 56.7907 55.9699 54.61 52.7244 50.331 47.4531 44.1182 40.3587 36.2106 31.7139 26.9119 21.8509 16.5795 11.1486 5.61036 0.0181228 
0.0166007 -6.12347 -12.2046 -18.1682 -23.9569 -29.515 -34.789 -39.7281 -44.2846 -48.4149 -52.079 -55.2417 -57.8725 -59.9461 -61.4424 -62.3471 -62.6514 -62.3524 -61.4528 -59.9614 -57.8924 -55.2659 -52.107 -48.4461 -44.3186 -39.7641 -34.8266 -29.5535 -23.9957 -18.2067 -12.2423 -6.15992 -0.0182109 6.12368 12.2066 18.1719 23.9621 29.5215 34.7964 39.7361 44.293 48.4232 52.0869 55.2489 57.8786 59.9509 61.4457 62.3486 62.6511 62.3503 61.4489 59.9558 57.8854 55.2576 52.0977 48.4362 44.3083 39.7539 34.8168 29.5444 23.9877 18.2 12.2372 6.15651 0.0166007 
0.0145968 -6.72703 -13.4039 -19.9517 -26.3074 -32.4099 -38.2003 -43.623 -48.6256 -53.1601 -57.1827 -60.6548 -63.5428 -65.8189 -67.4613 -68.454 -68.7875 -68.4586 -67.4704 -65.8323 -63.5602 -60.6759 -57.2072 -53.1874 -48.6553 -43.6545 -38.2332 -32.4436 -26.3414 -19.9855 -13.437 -6.75904 -0.0159923 6.72722 13.4056 19.9549 26.3119 32.4154 38.2067 43.6299 48.6328 53.1673 57.1896 60.661 63.5481 65.8231 67.4641 68.4553 68.7873 68.4568 67.467 65.8275 63.5541 60.6687 57.1991 53.1788 48.6464 43.6457 38.2247 32.4357 26.3345 19.9797 13.4325 6.75609 0.0145968 
0.0120313 -7.39038 -14.7216 -21.9111 -28.8897 -35.5901 -41.9478 -47.9016 -53.3942 -58.3727 -62.7891 -66.6009 -69.7714 -72.27 -74.0727 -75.1621 -75.5277 -75.1659 -74.0802 -72.281 -69.7857 -66.6183 -62.8092 -58.3951 -53.4186 -47.9275 -41.9748 -35.6178 -28.9176 -21.9389 -14.7489 -7.41674 -0.0131685 7.39053 14.723 21.9137 28.8933 35.5946 41.953 47.9073 53.4001 58.3785 62.7947 66.6059 69.7757 72.2734 74.075 75.1632 75.5275 75.1644 74.0774 72.2771 69.7807 66.6124 62.8026 58.3881 53.4114 47.9203 41.9679 35.6114 28.912 21.9342 14.7452 7.41433 0.0120313 
0.00881405 -8.11947 -16.1696 -24.064 -31.7267 -39.0838 -46.0647 -52.602 -58.6327 -64.0989 -68.9479 -73.1329 -76.6136 -79.3566 -81.3354 -82.5309 -82.9316 -82.5336 -81.3408 -79.3646 -76.6241 -73.1455 -68.9625 -64.1153 -58.6506 -52.6209 -46.0845 -39.1041 -31.7471 -24.0843 -16.1895 -8.13877 -0.00964021 8.11958 16.1706 24.0659 31.7293 39.0871 46.0685 52.6061 58.637 64.1032 68.9519 73.1365 76.6167 79.359 81.337 82.5316 82.9314 82.5325 81.3388 79.3617 76.6204 73.1413 68.9578 64.1102 58.6453 52.6157 46.0794 39.0994 31.743 24.0809 16.1869 8.13701 0.00881405 
0.00484236 -8.92084 -17.7606 -26.4294 -34.8436 -42.9223 -50.5877 -57.7659 -64.3878 -70.3897 -75.7138 -80.3087 -84.1302 -87.1415 -89.3137 -90.6257 -91.0649 -90.6272 -89.3166 -87.1459 -84.1359 -80.3156 -75.7218 -70.3987 -64.3976 -57.7763 -50.5985 -42.9334 -34.8548 -26.4405 -17.7716 -8.93144 -0.00529384 8.92091 17.7612 26.4304 34.8451 42.9241 50.5898 57.7682 64.3902 70.3921 75.716 80.3107 84.1319 87.1429 89.3146 90.6261 91.0648 90.6266 89.3155 87.1444 84.1339 80.3133 75.7192 70.3959 64.3947 57.7734 50.5958 42.9309 34.8526 26.4387 17.7701 8.93048 0.00484236 
0 -9.80171 -19.509 -29.0285 -38.2683 -47.1397 -55.557 -63.4393 -70.7107 -77.301 -83.147 -88.1921 -92.388 -95.694 -98.0785 -99.5185 -100 -99.5185 -98.0785 -95.694 -92.388 -88.1921 -83.147 -77.301 -70.7107 -63.4393 -55.557 -47.1397 -38.2683 -29.0285 -19.509 -9.80171 -1.22465e-14 9.80171 19.509 29.0285 38.2683 47.1397 55.557 63.4393 70.7107 77.301 83.147 88.1921 92.388 95.694 98.0785 99.5185 100 99.5185 98.0785 95.694 92.388 88.1921 83.147 77.301 70.7107 63.4393 55.557 47.1397 38.2683 29.0285 19.509 9.80171 2.44929e-14 
